{
  "body_from_dodeca": [
    [
      -0.819627,
      -0.323269,
      -0.472979
    ],
    [
      -0.0000234434,
      -0.825572,
      0.564297
    ],
    [
      -0.572897,
      0.462524,
      0.676653
    ]
  ],
  "dodeca_from_body": [
    [
      -0.819627,
      -0.0000234434,
      -0.572897
    ],
    [
      -0.323269,
      -0.825572,
      0.462524
    ],
    [
      -0.472979,
      0.564297,
      0.676653
    ]
  ],
  "method": "creo_parametric_cv_coord_to_pen_body_transform",
  "source": {
    "reference_from": "CV_COORD:F19(CSYS)",
    "reference_to": "PRT_CSYS_DEF:F4(CSYS):07_D_RING",
    "translation_ignored_mm": [
      -40.4491,
      7.59867,
      -40.7943
    ],
    "body_axis_correction": "None. Uses the updated raw Creo transform rotation shown in the latest CV_COORD-to-body measurement.",
    "note": "Only the rotation part is used. The displayed Creo rotation is treated as dodeca_from_body; body_from_dodeca is the transpose."
  }
}
