{
  "metadata": {
    "start_time": 1778695690.865014,
    "tip_offset_body": [
      0.0,
      0.13752252060999998,
      -0.08207403558
    ],
    "imu_to_tip_body": [
      0.0,
      0.0,
      0.0
    ],
    "filtered": true,
    "filter_type": "OneEuro",
    "video_source": "outputs/video.mp4",
    "master_clock": "IMU_SENSOR",
    "sync_offset": 660619.5485,
    "t_cv_start_system": 661935.343,
    "end_time": 1778695708.984694,
    "cv_count": 210
  },
  "cv_readings": [
    {
      "timestamp": 1315.8278333332855,
      "local_timestamp": 1315.8278333332855,
      "center_pos_cam": [
        -0.06845690606079187,
        0.0027126550169332755,
        0.4025433121398956
      ],
      "imu_pos_cam": [
        -0.06845690606079187,
        0.0027126550169332755,
        0.4025433121398956
      ],
      "tip_pos_cam": [
        -0.0660223505075014,
        0.15770406035929768,
        0.44279661263279674
      ],
      "R_cam": [
        [
          0.35632215186947747,
          -0.46572228112164554,
          -0.8100230126076393
        ],
        [
          -0.2401137530607938,
          0.7921697446920946,
          -0.5610815281093483
        ],
        [
          0.9029838922584195,
          0.39442344309296873,
          0.1704413032704294
        ]
      ]
    },
    {
      "timestamp": 1315.861166666611,
      "local_timestamp": 1315.861166666611,
      "center_pos_cam": [
        -0.06845756767590185,
        0.0027201792770545985,
        0.40260111836463847
      ],
      "imu_pos_cam": [
        -0.06845756767590185,
        0.0027201792770545985,
        0.40260111836463847
      ],
      "tip_pos_cam": [
        -0.06600208969862804,
        0.15772446095314718,
        0.4428035347260544
      ],
      "R_cam": [
        [
          0.3561649577181515,
          -0.46563972280041777,
          -0.8101395999727314
        ],
        [
          -0.23987549164231478,
          0.7923784659827808,
          -0.5608886833910387
        ],
        [
          0.9031092245143912,
          0.3941015290469261,
          0.17052188539858942
        ]
      ]
    },
    {
      "timestamp": 1315.8944999999367,
      "local_timestamp": 1315.8944999999367,
      "center_pos_cam": [
        -0.06844384807205262,
        0.002727057449553413,
        0.4026154814357326
      ],
      "imu_pos_cam": [
        -0.06844384807205262,
        0.002727057449553413,
        0.4026154814357326
      ],
      "tip_pos_cam": [
        -0.06593592500075811,
        0.1577537872378462,
        0.4427280027268593
      ],
      "R_cam": [
        [
          0.35633561372654676,
          -0.46532239041040396,
          -0.8102468780395718
        ],
        [
          -0.23945198466702816,
          0.7927312999315581,
          -0.5605709884999789
        ],
        [
          0.9031542932573297,
          0.3937666302412759,
          0.17105602438757805
        ]
      ]
    },
    {
      "timestamp": 1315.9278333332622,
      "local_timestamp": 1315.9278333332622,
      "center_pos_cam": [
        -0.06835087480001621,
        0.0027589966302122913,
        0.40205124095925654
      ],
      "imu_pos_cam": [
        -0.06835087480001621,
        0.0027589966302122913,
        0.40205124095925654
      ],
      "tip_pos_cam": [
        -0.0656779778620497,
        0.15784983783169476,
        0.4419044414416587
      ],
      "R_cam": [
        [
          0.3562369180923878,
          -0.464447983524712,
          -0.8107917912681815
        ],
        [
          -0.23830795961823642,
          0.7938630322712804,
          -0.5594558091356646
        ],
        [
          0.9034957523810672,
          0.3925169507077076,
          0.17212166870122025
        ]
      ]
    },
    {
      "timestamp": 1315.9611666665878,
      "local_timestamp": 1315.9611666665878,
      "center_pos_cam": [
        -0.06833424481438846,
        0.002764422420340617,
        0.4020577272280884
      ],
      "imu_pos_cam": [
        -0.06833424481438846,
        0.002764422420340617,
        0.4020577272280884
      ],
      "tip_pos_cam": [
        -0.06563705502043675,
        0.157855475590011,
        0.44190846605753614
      ],
      "R_cam": [
        [
          0.35695345725236693,
          -0.46417615299694237,
          -0.8106323015674506
        ],
        [
          -0.23829008720091696,
          0.7938434351694924,
          -0.5594912285104026
        ],
        [
          0.9032176170211486,
          0.39287797014755005,
          0.17275658272661798
        ]
      ]
    },
    {
      "timestamp": 1315.9944999999134,
      "local_timestamp": 1315.9944999999134,
      "center_pos_cam": [
        -0.06831429351165019,
        0.002771321695247296,
        0.40212357713747027
      ],
      "imu_pos_cam": [
        -0.06831429351165019,
        0.002771321695247296,
        0.40212357713747027
      ],
      "tip_pos_cam": [
        -0.06562612816646514,
        0.15784312836407172,
        0.4420497531985291
      ],
      "R_cam": [
        [
          0.3572452239446229,
          -0.4641678870825504,
          -0.8105084962972797
        ],
        [
          -0.23868666459929333,
          0.7935888199582108,
          -0.5596833577834875
        ],
        [
          0.9029975227602904,
          0.3934017761000268,
          0.17271513092408464
        ]
      ]
    },
    {
      "timestamp": 1316.027833333239,
      "local_timestamp": 1316.027833333239,
      "center_pos_cam": [
        -0.06818652445280049,
        0.0028025787394609014,
        0.4016955615180568
      ],
      "imu_pos_cam": [
        -0.06818652445280049,
        0.0028025787394609014,
        0.4016955615180568
      ],
      "tip_pos_cam": [
        -0.06528925547215905,
        0.15794088308175255,
        0.4413478420270929
      ],
      "R_cam": [
        [
          0.3584023708980971,
          -0.46280693960797137,
          -0.8107758489159174
        ],
        [
          -0.2374587855847996,
          0.7947146135401305,
          -0.5586072038332062
        ],
        [
          0.9028627058878969,
          0.3927319947196364,
          0.17493002784062117
        ]
      ]
    },
    {
      "timestamp": 1316.061166666681,
      "local_timestamp": 1316.061166666681,
      "center_pos_cam": [
        -0.06812082581354137,
        0.0028069948816116623,
        0.4018332904846395
      ],
      "imu_pos_cam": [
        -0.06812082581354137,
        0.0028069948816116623,
        0.4018332904846395
      ],
      "tip_pos_cam": [
        -0.06520600401300446,
        0.15794235040785906,
        0.44149582029466194
      ],
      "R_cam": [
        [
          0.3599545111864504,
          -0.46240554286012825,
          -0.8103171377977602
        ],
        [
          -0.23743625848347238,
          0.7945350596908761,
          -0.5588721339263446
        ],
        [
          0.9022509479262927,
          0.3935672151669223,
          0.17620463703279865
        ]
      ]
    },
    {
      "timestamp": 1316.0945000000065,
      "local_timestamp": 1316.0945000000065,
      "center_pos_cam": [
        -0.06783505591927863,
        0.0027154774986524024,
        0.4008106646420651
      ],
      "imu_pos_cam": [
        -0.06783505591927863,
        0.0027154774986524024,
        0.4008106646420651
      ],
      "tip_pos_cam": [
        -0.06515955907501358,
        0.15767547901254117,
        0.4411694386418647
      ],
      "R_cam": [
        [
          0.3622482327590434,
          -0.463247830537194,
          -0.8088125032203282
        ],
        [
          -0.2407726477401636,
          0.7917902528713963,
          -0.5613347731595127
        ],
        [
          0.9004469723216026,
          0.39808245748894,
          0.1752872131001726
        ]
      ]
    },
    {
      "timestamp": 1316.127833333332,
      "local_timestamp": 1316.127833333332,
      "center_pos_cam": [
        -0.06756309170966535,
        0.0025916474427367564,
        0.3996983236750389
      ],
      "imu_pos_cam": [
        -0.06756309170966535,
        0.0025916474427367564,
        0.3996983236750389
      ],
      "tip_pos_cam": [
        -0.06520580122547268,
        0.15729343032682241,
        0.44105521603137204
      ],
      "R_cam": [
        [
          0.3648045647623811,
          -0.46445987432458624,
          -0.8069663280899143
        ],
        [
          -0.2456491228178093,
          0.7879758236669476,
          -0.5645800295575785
        ],
        [
          0.8980947266226266,
          0.4041919425950806,
          0.17336301668419501
        ]
      ]
    },
    {
      "timestamp": 1316.1611666666577,
      "local_timestamp": 1316.1611666666577,
      "center_pos_cam": [
        -0.06760774880528533,
        0.0026655072685696944,
        0.39999710129623944
      ],
      "imu_pos_cam": [
        -0.06760774880528533,
        0.0026655072685696944,
        0.39999710129623944
      ],
      "tip_pos_cam": [
        -0.06507958047498481,
        0.15750951479379985,
        0.44080803965515386
      ],
      "R_cam": [
        [
          0.36464057150151163,
          -0.46356762815246416,
          -0.8075532847708253
        ],
        [
          -0.24287329672270414,
          0.789894862119987,
          -0.5630973881447969
        ],
        [
          0.8989159111697247,
          0.4014612819756663,
          0.1754395158462262
        ]
      ]
    },
    {
      "timestamp": 1316.1944999999832,
      "local_timestamp": 1316.1944999999832,
      "center_pos_cam": [
        -0.06740608522538391,
        0.0025628457412094708,
        0.39880964602430025
      ],
      "imu_pos_cam": [
        -0.06740608522538391,
        0.0025628457412094708,
        0.39880964602430025
      ],
      "tip_pos_cam": [
        -0.06513287711265613,
        0.15717668302071927,
        0.4404987913489104
      ],
      "R_cam": [
        [
          0.36624759015278696,
          -0.4646244424738689,
          -0.8062176072023749
        ],
        [
          -0.24726363023399398,
          0.7866747770233498,
          -0.5656885117790263
        ],
        [
          0.8970637657774295,
          0.4065303465316082,
          0.17323301497724858
        ]
      ]
    },
    {
      "timestamp": 1316.2278333333088,
      "local_timestamp": 1316.2278333333088,
      "center_pos_cam": [
        -0.06718788217935275,
        0.002487459419002753,
        0.39783773798254984
      ],
      "imu_pos_cam": [
        -0.06718788217935275,
        0.002487459419002753,
        0.39783773798254984
      ],
      "tip_pos_cam": [
        -0.06507023908144931,
        0.15692625659028508,
        0.4401787878905577
      ],
      "R_cam": [
        [
          0.3685561212987108,
          -0.46499849054155196,
          -0.8049489358011034
        ],
        [
          -0.2504882261953022,
          0.7842004139801106,
          -0.5677018224833833
        ],
        [
          0.8952217792205358,
          0.41086021285529944,
          0.1725452158181065
        ]
      ]
    },
    {
      "timestamp": 1316.2611666666344,
      "local_timestamp": 1316.2611666666344,
      "center_pos_cam": [
        -0.06699214656474278,
        0.002425521148389283,
        0.3972408678001226
      ],
      "imu_pos_cam": [
        -0.06699214656474278,
        0.002425521148389283,
        0.3972408678001226
      ],
      "tip_pos_cam": [
        -0.0650724414015814,
        0.15671846621009128,
        0.44011968340396257
      ],
      "R_cam": [
        [
          0.3708636950790335,
          -0.46559779250223193,
          -0.8035414210165984
        ],
        [
          -0.25294392796332693,
          0.7818904146426077,
          -0.5697953569453635
        ],
        [
          0.8935767952329609,
          0.4145673348288062,
          0.17220463383466655
        ]
      ]
    },
    {
      "timestamp": 1316.29449999996,
      "local_timestamp": 1316.29449999996,
      "center_pos_cam": [
        -0.06684831782054823,
        0.002406135419198009,
        0.397168210557119
      ],
      "imu_pos_cam": [
        -0.06684831782054823,
        0.002406135419198009,
        0.397168210557119
      ],
      "tip_pos_cam": [
        -0.06499585211515276,
        0.15664712272669137,
        0.44023649583219093
      ],
      "R_cam": [
        [
          0.3721141920654981,
          -0.46570460668940467,
          -0.8029011442087428
        ],
        [
          -0.25376953571104516,
          0.781017902047478,
          -0.5706242716765181
        ],
        [
          0.8928225192099728,
          0.4160892404155904,
          0.17244620379102243
        ]
      ]
    },
    {
      "timestamp": 1316.3278333332855,
      "local_timestamp": 1316.3278333332855,
      "center_pos_cam": [
        -0.0666919113627635,
        0.0024005291171912964,
        0.3970347531854168
      ],
      "imu_pos_cam": [
        -0.0666919113627635,
        0.0024005291171912964,
        0.3970347531854168
      ],
      "tip_pos_cam": [
        -0.06492887290480069,
        0.15661613711275446,
        0.4401975721071406
      ],
      "R_cam": [
        [
          0.37272182148705296,
          -0.4660626105839588,
          -0.8024114199106582
        ],
        [
          -0.2540560004968835,
          0.7804279511773828,
          -0.5713035634691948
        ],
        [
          0.8924875306685809,
          0.4167947408938095,
          0.17247652467614588
        ]
      ]
    },
    {
      "timestamp": 1316.361166666611,
      "local_timestamp": 1316.361166666611,
      "center_pos_cam": [
        -0.06674170090493396,
        0.0025236833720690714,
        0.39794177914931705
      ],
      "imu_pos_cam": [
        -0.06674170090493396,
        0.0025236833720690714,
        0.39794177914931705
      ],
      "tip_pos_cam": [
        -0.06493577565102851,
        0.15694321424812588,
        0.4403674566254733
      ],
      "R_cam": [
        [
          0.37163998870761134,
          -0.46605334200672055,
          -0.8029184274867365
        ],
        [
          -0.24998996823566833,
          0.7826791085097238,
          -0.570016165458449
        ],
        [
          0.894085417941114,
          0.4125623534773758,
          0.1743661948838499
        ]
      ]
    },
    {
      "timestamp": 1316.3944999999367,
      "local_timestamp": 1316.3944999999367,
      "center_pos_cam": [
        -0.06672698091497344,
        0.0026121735704014433,
        0.39854754406199416
      ],
      "imu_pos_cam": [
        -0.06672698091497344,
        0.0026121735704014433,
        0.39854754406199416
      ],
      "tip_pos_cam": [
        -0.0650292653922755,
        0.15715417682062519,
        0.440529420922454
      ],
      "R_cam": [
        [
          0.37120058970659364,
          -0.4667277075449986,
          -0.8027299478724261
        ],
        [
          -0.24721806992357875,
          0.7836181742447633,
          -0.5699348935594002
        ],
        [
          0.8950381824842659,
          0.4100095169664901,
          0.17549600534532922
        ]
      ]
    },
    {
      "timestamp": 1316.4278333332622,
      "local_timestamp": 1316.4278333332622,
      "center_pos_cam": [
        -0.06675813430459152,
        0.002662620722280371,
        0.3993927229373748
      ],
      "imu_pos_cam": [
        -0.06675813430459152,
        0.002662620722280371,
        0.3993927229373748
      ],
      "tip_pos_cam": [
        -0.06547279439938572,
        0.15713236925058133,
        0.44165423831776
      ],
      "R_cam": [
        [
          0.37016512469092,
          -0.4691638169479979,
          -0.8017874365000622
        ],
        [
          -0.24801167887721642,
          0.7818584167212965,
          -0.5720031672487244
        ],
        [
          0.8952474449017213,
          0.4105882719572651,
          0.173058612406568
        ]
      ]
    },
    {
      "timestamp": 1316.4611666665878,
      "local_timestamp": 1316.4611666665878,
      "center_pos_cam": [
        -0.06669697613639788,
        0.0027609173494278203,
        0.39961762329322703
      ],
      "imu_pos_cam": [
        -0.06669697613639788,
        0.0027609173494278203,
        0.39961762329322703
      ],
      "tip_pos_cam": [
        -0.06519175479452216,
        0.15743115859078893,
        0.4411319795373757
      ],
      "R_cam": [
        [
          0.3695558976743725,
          -0.4681025543642729,
          -0.8026882564805166
        ],
        [
          -0.244232065142229,
          0.7845354813646324,
          -0.5699603291776774
        ],
        [
          0.8965373036580523,
          0.4066744116336892,
          0.17560406052236383
        ]
      ]
    },
    {
      "timestamp": 1316.4944999999134,
      "local_timestamp": 1316.4944999999134,
      "center_pos_cam": [
        -0.0666360913890558,
        0.0028622023044913934,
        0.39996649084259467
      ],
      "imu_pos_cam": [
        -0.0666360913890558,
        0.0028622023044913934,
        0.39996649084259467
      ],
      "tip_pos_cam": [
        -0.06491785025024112,
        0.1577400779289575,
        0.44069095868142916
      ],
      "R_cam": [
        [
          0.3685159581095613,
          -0.4671646290633065,
          -0.8037121362594543
        ],
        [
          -0.2402258263132005,
          0.7873378079925484,
          -0.5677946182182685
        ],
        [
          0.8980465138236061,
          0.4023137897930327,
          0.17792153762722318
        ]
      ]
    },
    {
      "timestamp": 1316.527833333239,
      "local_timestamp": 1316.527833333239,
      "center_pos_cam": [
        -0.0665285031066939,
        0.0029430280463408364,
        0.40023751049625444
      ],
      "imu_pos_cam": [
        -0.0665285031066939,
        0.0029430280463408364,
        0.40023751049625444
      ],
      "tip_pos_cam": [
        -0.0647162929958135,
        0.15796880550053904,
        0.4403911555431292
      ],
      "R_cam": [
        [
          0.36807628294116174,
          -0.4667464875760631,
          -0.8041564314681728
        ],
        [
          -0.23716541780795153,
          0.7891362505142772,
          -0.5665832178243969
        ],
        [
          0.8990397179948157,
          0.3992639408457471,
          0.17976621208704974
        ]
      ]
    },
    {
      "timestamp": 1316.561166666681,
      "local_timestamp": 1316.561166666681,
      "center_pos_cam": [
        -0.06642383165268476,
        0.002955155925095464,
        0.4006099122467518
      ],
      "imu_pos_cam": [
        -0.06642383165268476,
        0.002955155925095464,
        0.4006099122467518
      ],
      "tip_pos_cam": [
        -0.06480048985242029,
        0.1580080515217405,
        0.4406668132727971
      ],
      "R_cam": [
        [
          0.3676267566121568,
          -0.46785727110651454,
          -0.8037164560313492
        ],
        [
          -0.2362216161510858,
          0.7889121149393485,
          -0.5672891881262092
        ],
        [
          0.899472020624208,
          0.3984058844629303,
          0.17950720135837217
        ]
      ]
    },
    {
      "timestamp": 1316.5945000000065,
      "local_timestamp": 1316.5945000000065,
      "center_pos_cam": [
        -0.06635238930946427,
        0.0029551893000313136,
        0.4009898768890421
      ],
      "imu_pos_cam": [
        -0.06635238930946427,
        0.0029551893000313136,
        0.4009898768890421
      ],
      "tip_pos_cam": [
        -0.06494022804711873,
        0.15802517007479913,
        0.4409886000486286
      ],
      "R_cam": [
        [
          0.36683631324981325,
          -0.46915640632397226,
          -0.8033202261156261
        ],
        [
          -0.23548341792534677,
          0.7885678334202553,
          -0.5680742310447474
        ],
        [
          0.8999881550128764,
          0.3975588491029478,
          0.17879676265653754
        ]
      ]
    },
    {
      "timestamp": 1316.627833333332,
      "local_timestamp": 1316.627833333332,
      "center_pos_cam": [
        -0.06636664533410444,
        0.002945316009825824,
        0.4017203837569579
      ],
      "imu_pos_cam": [
        -0.06636664533410444,
        0.002945316009825824,
        0.4017203837569579
      ],
      "tip_pos_cam": [
        -0.06503036716110075,
        0.15802115186668048,
        0.44169900911172955
      ],
      "R_cam": [
        [
          0.36624378215817566,
          -0.46968514946167994,
          -0.803281614631901
        ],
        [
          -0.23525113929354366,
          0.7884813760840691,
          -0.568290437214689
        ],
        [
          0.9002901718288189,
          0.39710575410554294,
          0.17828243481819378
        ]
      ]
    },
    {
      "timestamp": 1316.6611666666577,
      "local_timestamp": 1316.6611666666577,
      "center_pos_cam": [
        -0.06639136680190852,
        0.002972898981078319,
        0.4022573170365176
      ],
      "imu_pos_cam": [
        -0.06639136680190852,
        0.002972898981078319,
        0.4022573170365176
      ],
      "tip_pos_cam": [
        -0.06494728965029375,
        0.1581695774426017,
        0.4417604387739915
      ],
      "R_cam": [
        [
          0.3647714834047703,
          -0.46940023189102387,
          -0.804117645121245
        ],
        [
          -0.23286041485918285,
          0.7901888764347142,
          -0.566901725831253
        ],
        [
          0.9015086200842967,
          0.3940367519147128,
          0.178933635893899
        ]
      ]
    },
    {
      "timestamp": 1316.6944999999832,
      "local_timestamp": 1316.6944999999832,
      "center_pos_cam": [
        -0.06624514711185978,
        0.0028156903624944538,
        0.40196965223694797
      ],
      "imu_pos_cam": [
        -0.06624514711185978,
        0.0028156903624944538,
        0.40196965223694797
      ],
      "tip_pos_cam": [
        -0.06514187765026291,
        0.1578122806712235,
        0.4422614725045667
      ],
      "R_cam": [
        [
          0.36487718278138903,
          -0.4712156632087763,
          -0.8030071234006768
        ],
        [
          -0.2366773584082974,
          0.7871949933888862,
          -0.5694803511977755
        ],
        [
          0.900471248570651,
          0.3978439909439182,
          0.1757034130784838
        ]
      ]
    },
    {
      "timestamp": 1316.7278333333088,
      "local_timestamp": 1316.7278333333088,
      "center_pos_cam": [
        -0.06607042025604193,
        0.002658108060732969,
        0.40145020631098033
      ],
      "imu_pos_cam": [
        -0.06607042025604193,
        0.002658108060732969,
        0.40145020631098033
      ],
      "tip_pos_cam": [
        -0.06529479346600818,
        0.15749279108781739,
        0.4423673216332982
      ],
      "R_cam": [
        [
          0.36590920373497565,
          -0.4727714124089328,
          -0.8016218848253204
        ],
        [
          -0.23948723962624535,
          0.784514695180478,
          -0.5719987369759512
        ],
        [
          0.8993087993999823,
          0.40127781480508595,
          0.17383842689985923
        ]
      ]
    },
    {
      "timestamp": 1316.7611666666344,
      "local_timestamp": 1316.7611666666344,
      "center_pos_cam": [
        -0.06595813104095652,
        0.0025113021362435355,
        0.40120667451449954
      ],
      "imu_pos_cam": [
        -0.06595813104095652,
        0.0025113021362435355,
        0.40120667451449954
      ],
      "tip_pos_cam": [
        -0.06546148466301636,
        0.15721826103312445,
        0.44260837982441475
      ],
      "R_cam": [
        [
          0.36667414990664704,
          -0.4741167402912074,
          -0.8004769730391237
        ],
        [
          -0.24160910712906075,
          0.7823568909182191,
          -0.5740581282283843
        ],
        [
          0.8984292443718294,
          0.4038948028984996,
          0.17231912560434598
        ]
      ]
    },
    {
      "timestamp": 1316.79449999996,
      "local_timestamp": 1316.79449999996,
      "center_pos_cam": [
        -0.06599197200707779,
        0.0023943306581117704,
        0.40168001723097313
      ],
      "imu_pos_cam": [
        -0.06599197200707779,
        0.0023943306581117704,
        0.40168001723097313
      ],
      "tip_pos_cam": [
        -0.06571334606701901,
        0.15704525757224833,
        0.4432925653805265
      ],
      "R_cam": [
        [
          0.36632631793168347,
          -0.47535775322622786,
          -0.799900015775927
        ],
        [
          -0.24238585025938006,
          0.7812285338704168,
          -0.5752660927437987
        ],
        [
          0.8983619139214735,
          0.4046195550321216,
          0.1709645790827894
        ]
      ]
    },
    {
      "timestamp": 1316.8278333332855,
      "local_timestamp": 1316.8278333332855,
      "center_pos_cam": [
        -0.06607199346864745,
        0.002279566428935354,
        0.40210231981343425
      ],
      "imu_pos_cam": [
        -0.06607199346864745,
        0.002279566428935354,
        0.40210231981343425
      ],
      "tip_pos_cam": [
        -0.06595856902213297,
        0.1568715025857812,
        0.443934262171967
      ],
      "R_cam": [
        [
          0.36576767688013934,
          -0.4763568368155878,
          -0.7995612362844722
        ],
        [
          -0.24335229883766826,
          0.7802549198889094,
          -0.5761787210923135
        ],
        [
          0.8983282613834034,
          0.4053226171930196,
          0.16946949811595236
        ]
      ]
    },
    {
      "timestamp": 1316.861166666611,
      "local_timestamp": 1316.861166666611,
      "center_pos_cam": [
        -0.06640617743797447,
        0.002316971501261233,
        0.4035207021431154
      ],
      "imu_pos_cam": [
        -0.06640617743797447,
        0.002316971501261233,
        0.4035207021431154
      ],
      "tip_pos_cam": [
        -0.06608808129977398,
        0.15716269474228536,
        0.4444021380294196
      ],
      "R_cam": [
        [
          0.36375662780748996,
          -0.4756622295005645,
          -0.800891103179874
        ],
        [
          -0.23847848887214612,
          0.7835817715429355,
          -0.5736964507916121
        ],
        [
          0.9004494022827607,
          0.3996811863625649,
          0.17159785312302667
        ]
      ]
    },
    {
      "timestamp": 1316.8944999999367,
      "local_timestamp": 1316.8944999999367,
      "center_pos_cam": [
        -0.06657871255940834,
        0.002172230848683878,
        0.40400311716626186
      ],
      "imu_pos_cam": [
        -0.06657871255940834,
        0.002172230848683878,
        0.40400311716626186
      ],
      "tip_pos_cam": [
        -0.06652097288269898,
        0.15691593054641498,
        0.44527023556945444
      ],
      "R_cam": [
        [
          0.3631519091020042,
          -0.4771801616986562,
          -0.8002623221149512
        ],
        [
          -0.24021009030012164,
          0.7819154343284911,
          -0.575245483317248
        ],
        [
          0.9002331939189852,
          0.4011325801279812,
          0.16933059300165348
        ]
      ]
    },
    {
      "timestamp": 1316.9278333332622,
      "local_timestamp": 1316.9278333332622,
      "center_pos_cam": [
        -0.06672622291027591,
        0.001995140358901963,
        0.4042246235063785
      ],
      "imu_pos_cam": [
        -0.06672622291027591,
        0.001995140358901963,
        0.4042246235063785
      ],
      "tip_pos_cam": [
        -0.06699305083425662,
        0.15657183472143132,
        0.44611215571021157
      ],
      "R_cam": [
        [
          0.36356065133824117,
          -0.4788380028020882,
          -0.7990856148567697
        ],
        [
          -0.24306696012513662,
          0.7793100531037171,
          -0.5775762235644808
        ],
        [
          0.8993008983060339,
          0.40421529931954486,
          0.1669367727673315
        ]
      ]
    },
    {
      "timestamp": 1316.9611666665878,
      "local_timestamp": 1316.9611666665878,
      "center_pos_cam": [
        -0.06705068966520726,
        0.001858517674976429,
        0.4055812208780508
      ],
      "imu_pos_cam": [
        -0.06705068966520726,
        0.001858517674976429,
        0.4055812208780508
      ],
      "tip_pos_cam": [
        -0.06726453158830491,
        0.15640499755885687,
        0.4475803972800738
      ],
      "R_cam": [
        [
          0.3653175412698039,
          -0.47820181420775953,
          -0.7986652107917264
        ],
        [
          -0.2436498828861433,
          0.7789351220010687,
          -0.5778363178987187
        ],
        [
          0.8984307589403614,
          0.4056884279857978,
          0.16804484755046328
        ]
      ]
    },
    {
      "timestamp": 1316.9944999999134,
      "local_timestamp": 1316.9944999999134,
      "center_pos_cam": [
        -0.06738701690209133,
        0.0016741031027675633,
        0.4063399358633009
      ],
      "imu_pos_cam": [
        -0.06738701690209133,
        0.0016741031027675633,
        0.4063399358633009
      ],
      "tip_pos_cam": [
        -0.06783179101151683,
        0.15610216502870197,
        0.44877066596668636
      ],
      "R_cam": [
        [
          0.3657950430695973,
          -0.47934228648657107,
          -0.7977624701949435
        ],
        [
          -0.24560035467227492,
          0.7770679910003376,
          -0.5795220471626188
        ],
        [
          0.8977051031661594,
          0.40791703782573946,
          0.16652098366545282
        ]
      ]
    },
    {
      "timestamp": 1317.027833333239,
      "local_timestamp": 1317.027833333239,
      "center_pos_cam": [
        -0.06778598935982211,
        0.0015038699953905858,
        0.40711667811919927
      ],
      "imu_pos_cam": [
        -0.06778598935982211,
        0.0015038699953905858,
        0.40711667811919927
      ],
      "tip_pos_cam": [
        -0.06839085768097761,
        0.15587462980347763,
        0.44975344209001383
      ],
      "R_cam": [
        [
          0.36553842666739433,
          -0.4802505425944544,
          -0.7973337287279767
        ],
        [
          -0.2464740397118625,
          0.7760949664526532,
          -0.5804542624487918
        ],
        [
          0.8975701679410037,
          0.4087004029660208,
          0.1653232416745179
        ]
      ]
    },
    {
      "timestamp": 1317.061166666681,
      "local_timestamp": 1317.061166666681,
      "center_pos_cam": [
        -0.06837608410630576,
        0.0013591291368625748,
        0.40872843315224494
      ],
      "imu_pos_cam": [
        -0.06837608410630576,
        0.0013591291368625748,
        0.40872843315224494
      ],
      "tip_pos_cam": [
        -0.06900803331575403,
        0.15575994124358086,
        0.4512558461031586
      ],
      "R_cam": [
        [
          0.36390676780395337,
          -0.48072292675076156,
          -0.797795294572901
        ],
        [
          -0.24595470390270638,
          0.7765266445702675,
          -0.580097107302367
        ],
        [
          0.8983752823706872,
          0.40732276878247764,
          0.16434723623098935
        ]
      ]
    },
    {
      "timestamp": 1317.0945000000065,
      "local_timestamp": 1317.0945000000065,
      "center_pos_cam": [
        -0.06903193412402012,
        0.0012000987441710468,
        0.4102651588771387
      ],
      "imu_pos_cam": [
        -0.06903193412402012,
        0.0012000987441710468,
        0.4102651588771387
      ],
      "tip_pos_cam": [
        -0.06965074872595199,
        0.1556080273069546,
        0.4527669195083613
      ],
      "R_cam": [
        [
          0.3619709363550449,
          -0.4810390895898453,
          -0.7984850878512542
        ],
        [
          -0.246041472232056,
          0.7768942102800152,
          -0.5795679252471397
        ],
        [
          0.8991332688629281,
          0.406247191153323,
          0.1628575589400168
        ]
      ]
    },
    {
      "timestamp": 1317.127833333332,
      "local_timestamp": 1317.127833333332,
      "center_pos_cam": [
        -0.06974606454983047,
        0.0010362982514688307,
        0.4119224986365896
      ],
      "imu_pos_cam": [
        -0.06974606454983047,
        0.0010362982514688307,
        0.4119224986365896
      ],
      "tip_pos_cam": [
        -0.07033058120380131,
        0.15546940282200994,
        0.45433317588065775
      ],
      "R_cam": [
        [
          0.36098585441628483,
          -0.48105135498512497,
          -0.7989235299941544
        ],
        [
          -0.24569027410538657,
          0.7773661478567553,
          -0.5790838983915625
        ],
        [
          0.8996252009150061,
          0.405328836913098,
          0.16242854381330385
        ]
      ]
    },
    {
      "timestamp": 1317.1611666666577,
      "local_timestamp": 1317.1611666666577,
      "center_pos_cam": [
        -0.07044617524053558,
        0.0008162644680353644,
        0.41317302974923914
      ],
      "imu_pos_cam": [
        -0.07044617524053558,
        0.0008162644680353644,
        0.41317302974923914
      ],
      "tip_pos_cam": [
        -0.071320694376922,
        0.1551507427458881,
        0.4559362735726217
      ],
      "R_cam": [
        [
          0.36002156689128395,
          -0.48279275443103326,
          -0.7983079779396174
        ],
        [
          -0.24722048033883354,
          0.7757272723274657,
          -0.5806283088761915
        ],
        [
          0.8995924107473234,
          0.40639679530759804,
          0.15992229140908737
        ]
      ]
    },
    {
      "timestamp": 1317.1944999999832,
      "local_timestamp": 1317.1944999999832,
      "center_pos_cam": [
        -0.07148236275634769,
        0.0007980962752459621,
        0.41607576702604815
      ],
      "imu_pos_cam": [
        -0.07148236275634769,
        0.0007980962752459621,
        0.41607576702604815
      ],
      "tip_pos_cam": [
        -0.0720781305885713,
        0.15547447003695114,
        0.45759028800286233
      ],
      "R_cam": [
        [
          0.3564832564038206,
          -0.48199834620237125,
          -0.8003732142956227
        ],
        [
          -0.2409101885349164,
          0.7802655654417852,
          -0.5771896815136963
        ],
        [
          0.9027081305515082,
          0.398576519182942,
          0.16203329717132486
        ]
      ]
    },
    {
      "timestamp": 1317.2278333333088,
      "local_timestamp": 1317.2278333333088,
      "center_pos_cam": [
        -0.07228832113463271,
        0.0006195089974098918,
        0.41776504954413846
      ],
      "imu_pos_cam": [
        -0.07228832113463271,
        0.0006195089974098918,
        0.41776504954413846
      ],
      "tip_pos_cam": [
        -0.07299083035943485,
        0.15526013790662688,
        0.4594108580086875
      ],
      "R_cam": [
        [
          0.35552104362625064,
          -0.48275704820950305,
          -0.8003439385307729
        ],
        [
          -0.24154692983222972,
          0.7797435690399541,
          -0.5776288144037299
        ],
        [
          0.9029174204917778,
          0.3986798200873508,
          0.16060676457606665
        ]
      ]
    },
    {
      "timestamp": 1317.2611666666344,
      "local_timestamp": 1317.2611666666344,
      "center_pos_cam": [
        -0.0731601057645072,
        0.0004260196792744267,
        0.4195406172156737
      ],
      "imu_pos_cam": [
        -0.0731601057645072,
        0.0004260196792744267,
        0.4195406172156737
      ],
      "tip_pos_cam": [
        -0.0739612609314452,
        0.15502611202207198,
        0.46133488224464547
      ],
      "R_cam": [
        [
          0.3543476186914557,
          -0.483512690948869,
          -0.8004081726338621
        ],
        [
          -0.2423248717248479,
          0.7792285977929081,
          -0.5779977931837063
        ],
        [
          0.9031702063682299,
          0.39877094938458335,
          0.15895064723267843
        ]
      ]
    },
    {
      "timestamp": 1317.29449999996,
      "local_timestamp": 1317.29449999996,
      "center_pos_cam": [
        -0.074017140379442,
        0.00017889632819670818,
        0.4209306640346888
      ],
      "imu_pos_cam": [
        -0.074017140379442,
        0.00017889632819670818,
        0.4209306640346888
      ],
      "tip_pos_cam": [
        -0.07511216454925429,
        0.15461203588737346,
        0.4633311041182343
      ],
      "R_cam": [
        [
          0.3548611121383859,
          -0.48498259996505755,
          -0.799290603487268
        ],
        [
          -0.24518646609985772,
          0.7767305290968723,
          -0.5801493618115562
        ],
        [
          0.9021957592082614,
          0.40184768619468947,
          0.15672028958179962
        ]
      ]
    },
    {
      "timestamp": 1317.3278333332855,
      "local_timestamp": 1317.3278333332855,
      "center_pos_cam": [
        -0.07520123385574295,
        0.00012154178763446582,
        0.42351373737759235
      ],
      "imu_pos_cam": [
        -0.07520123385574295,
        0.00012154178763446582,
        0.42351373737759235
      ],
      "tip_pos_cam": [
        -0.07598117315716983,
        0.15482232849693087,
        0.4649341342555297
      ],
      "R_cam": [
        [
          0.35203957563948796,
          -0.48384584397657093,
          -0.8012248975476043
        ],
        [
          -0.24042218250329947,
          0.780556138308766,
          -0.577000250527551
        ],
        [
          0.9045801851377905,
          0.39575916188397486,
          0.15845937788901732
        ]
      ]
    },
    {
      "timestamp": 1317.361166666611,
      "local_timestamp": 1317.361166666611,
      "center_pos_cam": [
        -0.07610607104934065,
        -0.00015153056784543428,
        0.4248288620928551
      ],
      "imu_pos_cam": [
        -0.07610607104934065,
        -0.00015153056784543428,
        0.4248288620928551
      ],
      "tip_pos_cam": [
        -0.07718966227886195,
        0.15432833924792982,
        0.46705902480937084
      ],
      "R_cam": [
        [
          0.3526326245973788,
          -0.4853535001380128,
          -0.8000513808333463
        ],
        [
          -0.24445284718771787,
          0.7775048766839059,
          -0.5794212390261186
        ],
        [
          0.9032679766112504,
          0.3998976702064221,
          0.15552754030104549
        ]
      ]
    },
    {
      "timestamp": 1317.3944999999367,
      "local_timestamp": 1317.3944999999367,
      "center_pos_cam": [
        -0.07706510044068003,
        -0.00033053812491516405,
        0.42676078459854255
      ],
      "imu_pos_cam": [
        -0.07706510044068003,
        -0.00033053812491516405,
        0.42676078459854255
      ],
      "tip_pos_cam": [
        -0.07810666748226684,
        0.15410545437777468,
        0.46915217935174663
      ],
      "R_cam": [
        [
          0.3533897599322371,
          -0.48498272633598505,
          -0.7999421433646003
        ],
        [
          -0.24540409534695107,
          0.7771082885421788,
          -0.5795511520702811
        ],
        [
          0.9027139677450329,
          0.4011165205208589,
          0.15560536431389188
        ]
      ]
    },
    {
      "timestamp": 1317.4278333332622,
      "local_timestamp": 1317.4278333332622,
      "center_pos_cam": [
        -0.0779246653800987,
        -0.0005770542307829878,
        0.4282110305724553
      ],
      "imu_pos_cam": [
        -0.0779246653800987,
