{
  "metadata": {
    "start_time": 1778003652.222682,
    "tip_offset_body": [
      0.0,
      0.13752252060999998,
      -0.08207403558
    ],
    "imu_to_tip_body": [
      0.0,
      0.0,
      0.0
    ],
    "filtered": true,
    "filter_type": "OneEuro",
    "video_source": "outputs/video.mp4",
    "master_clock": "IMU_SENSOR",
    "sync_offset": 349600.96749999997,
    "t_cv_start_system": 350004.796,
    "end_time": 1778003663.4241495,
    "cv_count": 165
  },
  "cv_readings": [
    {
      "timestamp": 403.86183333332883,
      "local_timestamp": 403.86183333332883,
      "center_pos_cam": [
        -0.16816645393830384,
        -0.04523661351603503,
        0.4094909859364531
      ],
      "imu_pos_cam": [
        -0.16816645393830384,
        -0.04523661351603503,
        0.4094909859364531
      ],
      "tip_pos_cam": [
        -0.09076013133272025,
        0.06484868937875704,
        0.4963130931359284
      ],
      "R_cam": [
        [
          0.10413293122944323,
          0.8604930276533315,
          0.49870640861489557
        ],
        [
          0.5697219667784602,
          0.3593991377078479,
          -0.7390866934162316
        ],
        [
          -0.8152135997415937,
          0.36108725977920975,
          -0.45281649442295535
        ]
      ]
    },
    {
      "timestamp": 403.8951666666544,
      "local_timestamp": 403.8951666666544,
      "center_pos_cam": [
        -0.16755768843842944,
        -0.04512528100405433,
        0.4079637095134181
      ],
      "imu_pos_cam": [
        -0.16755768843842944,
        -0.04512528100405433,
        0.4079637095134181
      ],
      "tip_pos_cam": [
        -0.09041965707158146,
        0.0649613575420245,
        0.4950225810991855
      ],
      "R_cam": [
        [
          0.10500984046485512,
          0.8594767911000508,
          0.5002725047070898
        ],
        [
          0.570556767762984,
          0.3599549389536468,
          -0.7381716715525818
        ],
        [
          -0.8145169784390022,
          0.3629491527517815,
          -0.4525814891832875
        ]
      ]
    },
    {
      "timestamp": 403.92849999998,
      "local_timestamp": 403.92849999998,
      "center_pos_cam": [
        -0.16734426600202532,
        -0.04509494572248453,
        0.4075916028766975
      ],
      "imu_pos_cam": [
        -0.16734426600202532,
        -0.04509494572248453,
        0.4075916028766975
      ],
      "tip_pos_cam": [
        -0.08984686325408506,
        0.06453825395647594,
        0.4949031432753853
      ],
      "R_cam": [
        [
          0.10611826197449667,
          0.8606960818263268,
          0.4979369128758393
        ],
        [
          0.5724773225994976,
          0.35656258379015204,
          -0.7383311174196858
        ],
        [
          -0.8130243720730783,
          0.36340800564888487,
          -0.4548911868188668
        ]
      ]
    },
    {
      "timestamp": 403.96183333336376,
      "local_timestamp": 403.96183333336376,
      "center_pos_cam": [
        -0.16796789328793818,
        -0.04537462885480317,
        0.40936342105058826
      ],
      "imu_pos_cam": [
        -0.16796789328793818,
        -0.04537462885480317,
        0.40936342105058826
      ],
      "tip_pos_cam": [
        -0.09062388759999118,
        0.06442451697420201,
        0.4966024223669643
      ],
      "R_cam": [
        [
          0.10719177682341846,
          0.8600791722360424,
          0.49877223305553287
        ],
        [
          0.5711156858272672,
          0.3573743307597536,
          -0.7389928694622624
        ],
        [
          -0.8138407684452091,
          0.3640706046906047,
          -0.4528971168121176
        ]
      ]
    },
    {
      "timestamp": 403.99516666668933,
      "local_timestamp": 403.99516666668933,
      "center_pos_cam": [
        -0.1676214668655428,
        -0.045399847189344276,
        0.40883110435399417
      ],
      "imu_pos_cam": [
        -0.1676214668655428,
        -0.045399847189344276,
        0.40883110435399417
      ],
      "tip_pos_cam": [
        -0.08996784560217164,
        0.06404071228910513,
        0.4962454626542407
      ],
      "R_cam": [
        [
          0.10739159032676232,
          0.8611746032990772,
          0.49683533384791234
        ],
        [
          0.5728503618757042,
          0.35483903785783294,
          -0.738871924024051
        ],
        [
          -0.8125943078966062,
          0.3639609317561502,
          -0.4552174545524712
        ]
      ]
    },
    {
      "timestamp": 404.0285000000149,
      "local_timestamp": 404.0285000000149,
      "center_pos_cam": [
        -0.16752199006983567,
        -0.04556007155402323,
        0.4088367037715014
      ],
      "imu_pos_cam": [
        -0.16752199006983567,
        -0.04556007155402323,
        0.4088367037715014
      ],
      "tip_pos_cam": [
        -0.09020130593923795,
        0.06412178505371566,
        0.496243757994663
      ],
      "R_cam": [
        [
          0.10855752596585269,
          0.859908710664905,
          0.49877076185237074
        ],
        [
          0.5716115438870895,
          0.3564975108559299,
          -0.7390329949660871
        ],
        [
          -0.8133114449281971,
          0.3653307187688263,
          -0.4528332579136183
        ]
      ]
    },
    {
      "timestamp": 404.09516666666605,
      "local_timestamp": 404.09516666666605,
      "center_pos_cam": [
        -0.1669120949737553,
        -0.0456168783117752,
        0.40801184839660826
      ],
      "imu_pos_cam": [
        -0.1669120949737553,
        -0.0456168783117752,
        0.40801184839660826
      ],
      "tip_pos_cam": [
        -0.08913401973473746,
        0.06373778877520586,
        0.4954230535691958
      ],
      "R_cam": [
        [
          0.10845153372813618,
          0.8615516131229018,
          0.4959506858119471
        ],
        [
          0.5724907972077337,
          0.35373146436388514,
          -0.7396812409622371
        ],
        [
          -0.8127069286922983,
          0.36414676854848943,
          -0.454867649994176
        ]
      ]
    },
    {
      "timestamp": 404.1284999999916,
      "local_timestamp": 404.1284999999916,
      "center_pos_cam": [
        -0.16653823106234425,
        -0.045623250246645985,
        0.40744047738302547
      ],
      "imu_pos_cam": [
        -0.16653823106234425,
        -0.045623250246645985,
        0.40744047738302547
      ],
      "tip_pos_cam": [
        -0.08864242140810777,
        0.06354645840004203,
        0.4949779467525656
      ],
      "R_cam": [
        [
          0.10778696478667371,
          0.8620142045869815,
          0.49529130954656336
        ],
        [
          0.5739838936319074,
          0.3528165245526379,
          -0.7389607498735997
        ],
        [
          -0.8117416214986337,
          0.3639395706609425,
          -0.45675324720673555
        ]
      ]
    },
    {
      "timestamp": 404.1618333333172,
      "local_timestamp": 404.1618333333172,
      "center_pos_cam": [
        -0.1662184452443767,
        -0.045630109846244014,
        0.40696008427880087
      ],
      "imu_pos_cam": [
        -0.1662184452443767,
        -0.045630109846244014,
        0.40696008427880087
      ],
      "tip_pos_cam": [
        -0.0882761905005957,
        0.06338651602666354,
        0.4946468632141514
      ],
      "R_cam": [
        [
          0.10840646094437112,
          0.8621402420780693,
          0.4949366042384466
        ],
        [
          0.5748520720445933,
          0.35182363549792506,
          -0.7387592468260964
        ],
        [
          -0.8110444713402307,
          0.3646016079155321,
          -0.4574631493506928
        ]
      ]
    },
    {
      "timestamp": 404.19516666664276,
      "local_timestamp": 404.19516666664276,
      "center_pos_cam": [
        -0.16645090570178492,
        -0.04586231732608495,
        0.40792053529921274
      ],
      "imu_pos_cam": [
        -0.16645090570178492,
        -0.04586231732608495,
        0.40792053529921274
      ],
      "tip_pos_cam": [
        -0.08882990569276873,
        0.06351847591478005,
        0.49543861011187323
      ],
      "R_cam": [
        [
          0.10670584107364683,
          0.8611013276041333,
          0.49711001506624797
        ],
        [
          0.5739204537304645,
          0.3549249895920545,
          -0.7379997049815794
        ],
        [
          -0.8119292926545907,
          0.3640504846329416,
          -0.4563310951139939
        ]
      ]
    },
    {
      "timestamp": 404.22850000002654,
      "local_timestamp": 404.22850000002654,
      "center_pos_cam": [
        -0.16689086921176768,
        -0.046124012828216,
        0.4093379684737628
      ],
      "imu_pos_cam": [
        -0.16689086921176768,
        -0.046124012828216,
        0.4093379684737628
      ],
      "tip_pos_cam": [
        -0.08962167555589184,
        0.06364295164629241,
        0.4966836965498269
      ],
      "R_cam": [
        [
          0.10633400397214868,
          0.8598649760561177,
          0.49932484671931054
        ],
        [
          0.5722221595159542,
          0.35776416871938155,
          -0.7379475589358824
        ],
        [
          -0.8131757988025399,
          0.3641936607528222,
          -0.45399129695326673
        ]
      ]
    },
    {
      "timestamp": 404.2618333333521,
      "local_timestamp": 404.2618333333521,
      "center_pos_cam": [
        -0.16674424274237176,
        -0.04610996001113442,
        0.40919401249607135
      ],
      "imu_pos_cam": [
        -0.16674424274237176,
        -0.04610996001113442,
        0.40919401249607135
      ],
      "tip_pos_cam": [
        -0.08931020742385043,
        0.06353038647643847,
        0.4965527876001783
      ],
      "R_cam": [
        [
          0.10808223725446198,
          0.8603451355532544,
          0.4981209468792922
        ],
        [
          0.5716962595915661,
          0.3561286438651583,
          -0.7391453008629469
        ],
        [
          -0.8133152013574338,
          0.3646623599284902,
          -0.45336491537425055
        ]
      ]
    },
    {
      "timestamp": 404.2951666666777,
      "local_timestamp": 404.2951666666777,
      "center_pos_cam": [
        -0.1666881544458675,
        -0.04615684284888723,
        0.4092006929936549
      ],
      "imu_pos_cam": [
        -0.1666881544458675,
        -0.04615684284888723,
        0.4092006929936549
      ],
      "tip_pos_cam": [
        -0.08923854672380935,
        0.06316177873509078,
        0.496947990558841
      ],
      "R_cam": [
        [
          0.10936475056234599,
          0.8603186129543311,
          0.49788676979688057
        ],
        [
          0.5739385432513852,
          0.3543029545929094,
          -0.7382844742626062
        ],
        [
          -0.8115626284550774,
          0.36649870473314206,
          -0.4550217571985053
        ]
      ]
    },
    {
      "timestamp": 404.36183333332883,
      "local_timestamp": 404.36183333332883,
      "center_pos_cam": [
        -0.16664362079259315,
        -0.046278508534897955,
        0.409344439826099
      ],
      "imu_pos_cam": [
        -0.16664362079259315,
        -0.046278508534897955,
        0.409344439826099
      ],
      "tip_pos_cam": [
        -0.08971241190829099,
        0.06354488653195252,
        0.4969172780061268
      ],
      "R_cam": [
        [
          0.10758214239387096,
          0.8585726415169314,
          0.5012774699471182
        ],
        [
          0.5726765705252029,
          0.3586383723632332,
          -0.737170308300696
        ],
        [
          -0.8126915947697732,
          0.3663762234470053,
          -0.4531013514471932
        ]
      ]
    },
    {
      "timestamp": 404.3951666666544,
      "local_timestamp": 404.3951666666544,
      "center_pos_cam": [
        -0.16651585490503057,
        -0.04621085205044448,
        0.4090194746994049
      ],
      "imu_pos_cam": [
        -0.16651585490503057,
        -0.04621085205044448,
        0.4090194746994049
      ],
      "tip_pos_cam": [
        -0.08946262247570294,
        0.06337723645147278,
        0.496779609282272
      ],
      "R_cam": [
        [
          0.1091133669824155,
          0.8589134652427819,
          0.5003618014700935
        ],
        [
          0.5734808230268738,
          0.3567551474241121,
          -0.7374588194650733
        ],
        [
          -0.8119199583494547,
          0.36741451252098994,
          -0.4536436456325418
        ]
      ]
    },
    {
      "timestamp": 404.42849999998,
      "local_timestamp": 404.42849999998,
      "center_pos_cam": [
        -0.16669393678885328,
        -0.046299164094798326,
        0.4094754952883301
      ],
      "imu_pos_cam": [
        -0.16669393678885328,
        -0.046299164094798326,
        0.4094754952883301
      ],
      "tip_pos_cam": [
        -0.08975128458399219,
        0.06362235944988683,
        0.4969150625597433
      ],
      "R_cam": [
        [
          0.10614897235513907,
          0.8587039544519618,
          0.5013580699225966
        ],
        [
          0.5724492494514025,
          0.3594958273886164,
          -0.7369291735931618
        ],
        [
          -0.8130401296802479,
          0.3652263253090302,
          -0.45340432158371463
        ]
      ]
    },
    {
      "timestamp": 404.49516666668933,
      "local_timestamp": 404.49516666668933,
      "center_pos_cam": [
        -0.16570436067185196,
        -0.04604600364802898,
        0.4071060449681324
      ],
      "imu_pos_cam": [
        -0.16570436067185196,
        -0.04604600364802898,
        0.4071060449681324
      ],
      "tip_pos_cam": [
        -0.08760886413642804,
        0.06277828842464639,
        0.49489532601702596
      ],
      "R_cam": [
        [
          0.09828710252264711,
          0.8633044647270058,
          0.4950202487374845
        ],
        [
          0.5811535661568445,
          0.35400347192828,
          -0.7327633140420623
        ],
        [
          -0.8078367273285395,
          0.35970396584572406,
          -0.46691849281643727
        ]
      ]
    },
    {
      "timestamp": 404.5285000000149,
      "local_timestamp": 404.5285000000149,
      "center_pos_cam": [
        -0.16640454971039864,
        -0.04620153659689802,
        0.4085210201544113
      ],
      "imu_pos_cam": [
        -0.16640454971039864,
        -0.04620153659689802,
        0.4085210201544113
      ],
      "tip_pos_cam": [
        -0.0885762630336337,
        0.06297378592109563,
        0.4961115318401318
      ],
      "R_cam": [
        [
          0.09862858258729562,
          0.8623314587666207,
          0.4966456059588704
        ],
        [
          0.5790111059753944,
          0.35617074441952595,
          -0.7334088491263191
        ],
        [
          -0.8093321579265045,
          0.3598983968303739,
          -0.4641708759766763
        ]
      ]
    },
    {
      "timestamp": 404.59516666666605,
      "local_timestamp": 404.59516666666605,
      "center_pos_cam": [
        -0.16639800745211836,
        -0.04608275816906889,
        0.4081114109172894
      ],
      "imu_pos_cam": [
        -0.16639800745211836,
        -0.04608275816906889,
        0.4081114109172894
      ],
      "tip_pos_cam": [
        -0.08813313578401057,
        0.06285623164069848,
        0.4956071099733973
      ],
      "R_cam": [
        [
          0.10044491655639318,
          0.8637807526533426,
          0.49375462537945325
        ],
        [
          0.5781675350416381,
          0.3531992187280872,
          -0.7355084046520102
        ],
        [
          -0.8097117512805748,
          0.35935097500284297,
          -0.463932922525068
        ]
      ]
    },
    {
      "timestamp": 404.6284999999916,
      "local_timestamp": 404.6284999999916,
      "center_pos_cam": [
        -0.16775813932467634,
        -0.04646082993619072,
        0.411417361770266
      ],
      "imu_pos_cam": [
        -0.16775813932467634,
        -0.04646082993619072,
        0.411417361770266
      ],
      "tip_pos_cam": [
        -0.08948364716528254,
        0.06297605548216348,
        0.49828083498216325
      ],
      "R_cam": [
        [
          0.0988370693279371,
          0.8639097038390706,
          0.4938534776017621
        ],
        [
          0.5743242926753167,
          0.3557607228541741,
          -0.7372827916866587
        ],
        [
          -0.812639428387315,
          0.3565029196051066,
          -0.4610019823638214
        ]
      ]
    },
    {
      "timestamp": 404.6618333333172,
      "local_timestamp": 404.6618333333172,
      "center_pos_cam": [
        -0.16823349633178042,
        -0.04660542220586901,
        0.4124908346552349
      ],
      "imu_pos_cam": [
        -0.16823349633178042,
        -0.04660542220586901,
        0.4124908346552349
      ],
      "tip_pos_cam": [
        -0.09010704963741636,
        0.06323825482416597,
        0.4989732949275296
      ],
      "R_cam": [
        [
          0.0975689055684433,
          0.863456279236882,
          0.49489752728476644
        ],
        [
          0.5718863801652988,
          0.35833068562057113,
          -0.7379329833556182
        ],
        [
          -0.8145098383982896,
          0.3550244690005061,
          -0.4588369531361888
        ]
      ]
    },
    {
      "timestamp": 404.69516666664276,
      "local_timestamp": 404.69516666664276,
      "center_pos_cam": [
        -0.16874004308124782,
        -0.04674730566375975,
        0.4136047335042806
      ],
      "imu_pos_cam": [
        -0.16874004308124782,
        -0.04674730566375975,
        0.4136047335042806
      ],
      "tip_pos_cam": [
        -0.09083378322977748,
        0.06341767870138354,
        0.49987687203751674
      ],
      "R_cam": [
        [
          0.09734085556217786,
          0.8626842939422132,
          0.4962867788122593
        ],
        [
          0.5700489125070338,
          0.36042833958395737,
          -0.7383330206446814
        ],
        [
          -0.8158241202538519,
          0.35477770647290763,
          -0.45668784065469925
        ]
      ]
    },
    {
      "timestamp": 404.72850000002654,
      "local_timestamp": 404.72850000002654,
      "center_pos_cam": [
        -0.16865136619309398,
        -0.046740445589493564,
        0.41317318924374197
      ],
      "imu_pos_cam": [
        -0.16865136619309398,
        -0.046740445589493564,
        0.41317318924374197
      ],
      "tip_pos_cam": [
        -0.09099264256585583,
        0.06359624217692222,
        0.4994490779302092
      ],
      "R_cam": [
        [
          0.09819251807406304,
          0.8617508112798125,
          0.4977386549715223
        ],
        [
          0.5691948538216942,
          0.36163611343640023,
          -0.7384013406281947
        ],
        [
          -0.8163182270274105,
          0.3558157679434687,
          -0.45499416645230145
        ]
      ]
    },
    {
      "timestamp": 404.7618333333521,
      "local_timestamp": 404.7618333333521,
      "center_pos_cam": [
        -0.16904059180929873,
        -0.0468652801842359,
        0.4138657796924572
      ],
      "imu_pos_cam": [
        -0.16904059180929873,
        -0.0468652801842359,
        0.4138657796924572
      ],
      "tip_pos_cam": [
        -0.09159792709003622,
        0.06359354309081243,
        0.5001795852694708
      ],
      "R_cam": [
        [
          0.10144700067082921,
          0.8607859714944532,
          0.498754465978244
        ],
        [
          0.5674136977644848,
          0.3617360010217528,
          -0.7397220837274122
        ],
        [
          -0.8171598384919115,
          0.35804270254138826,
          -0.4517247187311452
        ]
      ]
    },
    {
      "timestamp": 404.7951666666777,
      "local_timestamp": 404.7951666666777,
      "center_pos_cam": [
        -0.16885860052028465,
        -0.04690450280494073,
        0.4131159474818392
      ],
      "imu_pos_cam": [
        -0.16885860052028465,
        -0.04690450280494073,
        0.4131159474818392
      ],
      "tip_pos_cam": [
        -0.09157172482034706,
        0.06368506187663067,
        0.49940197195508695
      ],
      "R_cam": [
        [
          0.10324812837846228,
          0.8601189607699866,
          0.49953498106769545
        ],
        [
          0.566006785569015,
          0.3621706548569268,
          -0.7405867507931368
        ],
        [
          -0.8179096176694436,
          0.3592043848346832,
          -0.449439725924802
        ]
      ]
    },
    {
      "timestamp": 404.82850000000326,
      "local_timestamp": 404.82850000000326,
      "center_pos_cam": [
        -0.16885962916322655,
        -0.04700061469165857,
        0.4128162473129497
      ],
      "imu_pos_cam": [
        -0.16885962916322655,
        -0.04700061469165857,
        0.4128162473129497
      ],
      "tip_pos_cam": [
        -0.0916095519926835,
        0.06374695695867699,
        0.49893240109383985
      ],
      "R_cam": [
        [
          0.10459365730793757,
          0.8599045842881893,
          0.4996241314939728
        ],
        [
          0.5639900724990706,
          0.362497621748613,
          -0.7419640640550544
        ],
        [
          -0.8191308594928183,
          0.3593877851941498,
          -0.447062696810862
        ]
      ]
    },
    {
      "timestamp": 404.86183333332883,
      "local_timestamp": 404.86183333332883,
      "center_pos_cam": [
        -0.16910194523850927,
        -0.04710596395363683,
        0.41299361379053723
      ],
      "imu_pos_cam": [
        -0.16910194523850927,
        -0.04710596395363683,
        0.41299361379053723
      ],
      "tip_pos_cam": [
        -0.0915562188076445,
        0.06326197759623298,
        0.4993311420251873
      ],
      "R_cam": [
        [
          0.10792754896306367,
          0.8607547348612685,
          0.49744640976564847
        ],
        [
          0.5643941355897981,
          0.3588684641787492,
          -0.7434195888795447
        ],
        [
          -0.8184197602005164,
          0.3609912905208293,
          -0.4470731307978999
        ]
      ]
    },
    {
      "timestamp": 404.8951666666544,
      "local_timestamp": 404.8951666666544,
      "center_pos_cam": [
        -0.1698479463303926,
        -0.0474049865389011,
        0.4143128258989426
      ],
      "imu_pos_cam": [
        -0.1698479463303926,
        -0.0474049865389011,
        0.4143128258989426
      ],
      "tip_pos_cam": [
        -0.09233969973304523,
        0.0632039364641361,
        0.5003751803451693
      ],
      "R_cam": [
        [
          0.10917063047601577,
          0.8605409991280649,
          0.4975449349165769
        ],
        [
          0.5616389629715345,
          0.3595826616931737,
          -0.7451590331478991
        ],
        [
          -0.8201484309036556,
          0.36079010273194034,
          -0.44405748845948706
        ]
      ]
    },
    {
      "timestamp": 404.96183333336376,
      "local_timestamp": 404.96183333336376,
      "center_pos_cam": [
        -0.1704006198790443,
        -0.04773093273940512,
        0.4140275000331563
      ],
      "imu_pos_cam": [
        -0.1704006198790443,
        -0.04773093273940512,
        0.4140275000331563
      ],
      "tip_pos_cam": [
        -0.09327069504763047,
        0.0632585804790205,
        0.49993962747947407
      ],
      "R_cam": [
        [
          0.1125694339425887,
          0.8589630222577732,
          0.4995104092365216
        ],
        [
          0.5581168623629028,
          0.36125482925071706,
          -0.7469943214571472
        ],
        [
          -0.8220910475659211,
          0.36287391024545623,
          -0.43873549523048494
        ]
      ]
    },
    {
      "timestamp": 404.99516666668933,
      "local_timestamp": 404.99516666668933,
      "center_pos_cam": [
        -0.17074398941877952,
        -0.04789517218994656,
        0.41392341453257214
      ],
      "imu_pos_cam": [
        -0.17074398941877952,
        -0.04789517218994656,
        0.41392341453257214
      ],
      "tip_pos_cam": [
        -0.09384719188814253,
        0.06319609285066007,
        0.49991297408793256
      ],
      "R_cam": [
        [
          0.1141011821181116,
          0.8580233188512087,
          0.5007763019021629
        ],
        [
          0.5575099301949868,
          0.3619149388285382,
          -0.7471280042848858
        ],
        [
          -0.8222916745129007,
          0.36443594959922954,
          -0.4370615982518682
        ]
      ]
    },
    {
      "timestamp": 405.0285000000149,
      "local_timestamp": 405.0285000000149,
      "center_pos_cam": [
        -0.17096169741906034,
        -0.04798610094023245,
        0.41344593539306
      ],
      "imu_pos_cam": [
        -0.17096169741906034,
        -0.04798610094023245,
        0.41344593539306
      ],
      "tip_pos_cam": [
        -0.09422743535658444,
        0.0632800815490525,
        0.49935449521862907
      ],
      "R_cam": [
        [
          0.11621736416882156,
          0.8572950464942578,
          0.5015363670981994
        ],
        [
          0.5555414509337356,
          0.36247411845898114,
          -0.7483222632942469
        ],
        [
          -0.8233269220425694,
          0.3655922820626726,
          -0.43413714738100445
        ]
      ]
    },
    {
      "timestamp": 405.0618333333405,
      "local_timestamp": 405.0618333333405,
      "center_pos_cam": [
        -0.17248828943072947,
        -0.048439197721659125,
        0.41619535535196095
      ],
      "imu_pos_cam": [
        -0.17248828943072947,
        -0.048439197721659125,
        0.41619535535196095
      ],
      "tip_pos_cam": [
        -0.09559009602725219,
        0.06303019032343773,
        0.5016929247410845
      ],
      "R_cam": [
        [
          0.11629768428045456,
          0.8578792143091055,
          0.500517834135204
        ],
        [
          0.5527153157680521,
          0.36279791695053326,
          -0.7502555905634937
        ],
        [
          -0.8252155041844683,
          0.36389686054257997,
          -0.4319704232245861
        ]
      ]
    },
    {
      "timestamp": 405.09516666666605,
      "local_timestamp": 405.09516666666605,
      "center_pos_cam": [
        -0.172938848999779,
        -0.04860399897082162,
        0.41613397707441435
      ],
      "imu_pos_cam": [
        -0.172938848999779,
        -0.04860399897082162,
        0.41613397707441435
      ],
      "tip_pos_cam": [
        -0.09629642037378286,
        0.06298229568120994,
        0.5017086694282527
      ],
      "R_cam": [
        [
          0.11971037547143498,
          0.8567216707144536,
          0.5016945334889785
        ],
        [
          0.5510889246166901,
          0.3629898888240925,
          -0.7513583284800226
        ],
        [
          -0.8258150054154433,
          0.36642368856244645,
          -0.42867616832637573
        ]
      ]
    },
    {
      "timestamp": 405.1284999999916,
      "local_timestamp": 405.1284999999916,
      "center_pos_cam": [
        -0.17338798099177588,
        -0.048702409072539615,
        0.4161969461560463
      ],
      "imu_pos_cam": [
        -0.17338798099177588,
        -0.048702409072539615,
        0.4161969461560463
      ],
      "tip_pos_cam": [
        -0.09617848302978188,
        0.06259917101619913,
        0.5016325516465086
      ],
      "R_cam": [
        [
          0.11941638572582938,
          0.8587797963823566,
          0.4982338689266901
        ],
        [
          0.5510918606565732,
          0.36008841310637923,
          -0.7527510185078501
        ],
        [
          -0.8258556096184466,
          0.3644634358505772,
          -0.4302660990477129
        ]
      ]
    },
    {
      "timestamp": 405.1618333333172,
      "local_timestamp": 405.1618333333172,
      "center_pos_cam": [
        -0.17376540876570157,
        -0.04874605004961604,
        0.4159832547661364
      ],
      "imu_pos_cam": [
        -0.17376540876570157,
        -0.04874605004961604,
        0.4159832547661364
      ],
      "tip_pos_cam": [
        -0.09608926982924568,
        0.062281692321817884,
        0.5013521534069286
      ],
      "R_cam": [
        [
          0.11840363000384505,
          0.8605203571030633,
          0.4954647267093073
        ],
        [
          0.5518726709141495,
          0.357782489211081,
          -0.7532783320340533
        ],
        [
          -0.8254799425182875,
          0.36262433098888813,
          -0.4325349223760618
        ]
      ]
    },
    {
      "timestamp": 405.19516666664276,
      "local_timestamp": 405.19516666664276,
      "center_pos_cam": [
        -0.17641078110305372,
        -0.049248699496374865,
        0.4206788948209605
      ],
      "imu_pos_cam": [
        -0.17641078110305372,
        -0.049248699496374865,
        0.4206788948209605
      ],
      "tip_pos_cam": [
        -0.09859516119991897,
        0.06161467294658943,
        0.5061343390066788
      ],
      "R_cam": [
        [
          0.12383308721247438,
          0.8606287456301279,
          0.4939468885482936
        ],
        [
          0.5498180120151649,
          0.35487225374288217,
          -0.7561519934425484
        ],
        [
          -0.8260541871905982,
          0.36521753205255647,
          -0.42924425925843224
        ]
      ]
    },
    {
      "timestamp": 405.22850000002654,
      "local_timestamp": 405.22850000002654,
      "center_pos_cam": [
        -0.176337965326245,
        -0.049113356246591966,
        0.4192177006628516
      ],
      "imu_pos_cam": [
        -0.176337965326245,
        -0.049113356246591966,
        0.4192177006628516
      ],
      "tip_pos_cam": [
        -0.0982253757912796,
        0.06152619298154419,
        0.5046922845697174
      ],
      "R_cam": [
        [
          0.12253001462839697,
          0.861781208453535,
          0.49225963095863357
        ],
        [
          0.5511334668186041,
          0.353406609384327,
          -0.7558807248474992
        ],
        [
          -0.8253716116196823,
          0.36391883325796576,
          -0.43165354803648914
        ]
      ]
    },
    {
      "timestamp": 405.2618333333521,
      "local_timestamp": 405.2618333333521,
      "center_pos_cam": [
        -0.176971603399732,
        -0.04921848602500592,
        0.4193363839477554
      ],
      "imu_pos_cam": [
        -0.176971603399732,
        -0.04921848602500592,
        0.4193363839477554
      ],
      "tip_pos_cam": [
        -0.09899635735304033,
        0.06181826551769411,
        0.5044204118385268
      ],
      "R_cam": [
        [
          0.12124069234863691,
          0.8613856264350612,
          0.49327020697575125
        ],
        [
          0.548701693548844,
          0.3559519580058086,
          -0.756455322599069
        ],
        [
          -0.8271802379260844,
          0.3623713649875061,
          -0.42948789019207284
        ]
      ]
    },
    {
      "timestamp": 405.2951666666777,
      "local_timestamp": 405.2951666666777,
      "center_pos_cam": [
        -0.17752117824291952,
        -0.0493195061572001,
        0.4191581729074343
      ],
      "imu_pos_cam": [
        -0.17752117824291952,
        -0.0493195061572001,
        0.4191581729074343
      ],
      "tip_pos_cam": [
        -0.09989813186677096,
        0.06196545509290513,
        0.504239963333846
      ],
      "R_cam": [
        [
          0.12180470645798858,
          0.8600891265933193,
          0.4953890469122473
        ],
        [
          0.5478298695573494,
          0.3579394521141799,
          -0.7561493123986681
        ],
        [
          -0.8276750857102448,
          0.36349146198520554,
          -0.42758380413481156
        ]
      ]
    },
    {
      "timestamp": 405.32850000000326,
      "local_timestamp": 405.32850000000326,
      "center_pos_cam": [
        -0.18078572857812567,
        -0.049994281079821214,
        0.42506515567350484
      ],
      "imu_pos_cam": [
        -0.18078572857812567,
        -0.049994281079821214,
        0.42506515567350484
      ],
      "tip_pos_cam": [
        -0.10316320666059023,
        0.06108365752226987,
        0.5104175231766197
      ],
      "R_cam": [
        [
          0.12949621063882075,
          0.8595150811547358,
          0.4944335715723133
        ],
        [
          0.5456844619994139,
          0.3545626562329073,
          -0.759285052360097
        ],
        [
          -0.8279246338662694,
          0.36812925457321766,
          -0.42310950422410826
        ]
      ]
    },
    {
      "timestamp": 405.36183333332883,
      "local_timestamp": 405.36183333332883,
      "center_pos_cam": [
        -0.18367787151220172,
        -0.05061567160548093,
        0.43011850584766226
      ],
      "imu_pos_cam": [
        -0.18367787151220172,
        -0.05061567160548093,
        0.43011850584766226
      ],
      "tip_pos_cam": [
        -0.10596417882919068,
        0.06042795734017435,
        0.5154325459082826
      ],
      "R_cam": [
        [
          0.13303657974515704,
          0.8595648291863379,
          0.4934060932696033
        ],
        [
          0.5436034656656027,
          0.3529857688930138,
          -0.7615092376822188
        ],
        [
          -0.8287318870214037,
          0.36952584670746624,
          -0.4203024007177141
        ]
      ]
    },
    {
      "timestamp": 405.3951666666544,
      "local_timestamp": 405.3951666666544,
      "center_pos_cam": [
        -0.18308888760060812,
        -0.050421430781180526,
        0.4275037829720346
      ],
      "imu_pos_cam": [
        -0.18308888760060812,
        -0.050421430781180526,
        0.4275037829720346
      ],
      "tip_pos_cam": [
        -0.10488707332194305,
        0.06052616820919063,
        0.512496120939124
      ],
      "R_cam": [
        [
          0.1284843136095334,
          0.8616549130453395,
          0.49096088640656027
        ],
        [
          0.5444293069076542,
          0.35250738650636415,
          -0.7611407703168342
        ],
        [
          -0.8289080232066393,
          0.3650881445394811,
          -0.42381851750528865
        ]
      ]
    },
    {
      "timestamp": 405.42849999998,
      "local_timestamp": 405.42849999998,
      "center_pos_cam": [
        -0.18332707821437821,
        -0.05047526332107356,
        0.42659311108216613
      ],
      "imu_pos_cam": [
        -0.18332707821437821,
        -0.05047526332107356,
        0.42659311108216613
      ],
      "tip_pos_cam": [
        -0.10526100452876701,
        0.0610011186635246,
        0.5110164217863292
      ],
      "R_cam": [
        [
          0.12470570769433068,
          0.8614562969452316,
          0.49228196688672776
        ],
        [
          0.542039387898345,
          0.3564226674518042,
          -0.7610231166615954
        ],
        [
          -0.8310486077452051,
          0.36174014233970475,
          -0.4224953029144899
        ]
      ]
    },
    {
      "timestamp": 405.46183333336376,
      "local_timestamp": 405.46183333336376,
      "center_pos_cam": [
        -0.18351071286924148,
        -0.050485725952960844,
        0.4253407753065501
      ],
      "imu_pos_cam": [
        -0.18351071286924148,
        -0.050485725952960844,
        0.4253407753065501
      ],
      "tip_pos_cam": [
        -0.10566030729678044,
        0.061287156710202365,
        0.5095709839296151
      ],
      "R_cam": [
        [
          0.12314872734144344,
          0.8608027919571681,
          0.49381468620619934
        ],
        [
          0.5411179882730082,
          0.3588753648140316,
          -0.7605259990933698
        ],
        [
          -0.8318808290383637,
          0.3608698184779936,
          -0.4216008306326073
        ]
      ]
    },
    {
      "timestamp": 405.49516666668933,
      "local_timestamp": 405.49516666668933,
      "center_pos_cam": [
        -0.18332283873763702,
        -0.05038669837554877,
        0.42330952080270323
      ],
      "imu_pos_cam": [
        -0.18332283873763702,
        -0.05038669837554877,
        0.42330952080270323
      ],
      "tip_pos_cam": [
        -0.10496377359708214,
        0.06101028825760999,
        0.5075660295760027
      ],
      "R_cam": [
        [
          0.12049946630188593,
          0.8628031926452111,
          0.4909689698771109
        ],
        [
          0.543540047673934,
          0.3565086315261535,
          -0.7599117134391119
        ],
        [
          -0.8306889280564527,
          0.3584302531993918,
          -0.4260089886326834
        ]
      ]
    },
    {
      "timestamp": 405.5285000000149,
      "local_timestamp": 405.5285000000149,
      "center_pos_cam": [
        -0.18413827594693746,
        -0.05053807178714341,
        0.4233413297615054
      ],
      "imu_pos_cam": [
        -0.18413827594693746,
        -0.05053807178714341,
        0.4233413297615054
      ],
      "tip_pos_cam": [
        -0.10601685735271268,
        0.06137220813912918,
        0.5071370587395637
      ],
      "R_cam": [
        [
          0.11833053891874898,
          0.8621123725140546,
          0.49270695217074717
        ],
        [
          0.5409125284322197,
          0.36014568706439115,
          -0.7600715233936746
        ],
        [
          -0.8327133481242281,
          0.3564510362547795,
          -0.4237111499696843
        ]
      ]
    },
    {
      "timestamp": 405.5618333333405,
      "local_timestamp": 405.5618333333405,
      "center_pos_cam": [
        -0.1860864010577688,
        -0.05084539648802789,
        0.4257179888649379
      ],
      "imu_pos_cam": [
        -0.1860864010577688,
        -0.05084539648802789,
        0.4257179888649379
      ],
      "tip_pos_cam": [
        -0.10771403728711974,
        0.061029499071660435,
        0.5093264294186575
      ],
      "R_cam": [
        [
          0.12026739463470326,
          0.8628669653616393,
          0.4909137947495224
        ],
        [
          0.5388559278190354,
          0.35857537383391114,
          -0.7622715987980646
        ],
        [
          -0.833768578708785,
          0.3562082275403904,
          -0.42183605321317236
        ]
      ]
    },
    {
      "timestamp": 405.59516666666605,
      "local_timestamp": 405.59516666666605,
      "center_pos_cam": [
        -0.18691868545123044,
        -0.0509676084410792,
        0.4255883727370162
      ],
      "imu_pos_cam": [
        -0.18691868545123044,
        -0.0509676084410792,
        0.4255883727370162
      ],
      "tip_pos_cam": [
        -0.10886928260709763,
        0.06135724734835939,
        0.5088950860251485
      ],
      "R_cam": [
        [
          0.11951564244376386,
          0.8617726376199326,
          0.49301514404817115
        ],
        [
          0.5365214078523328,
          0.3617635369671297,
          -0.7624119111328095
        ],
        [
          -0.8353806258990002,
          0.35563332854306096,
          -0.4191230672511097
        ]
      ]
    },
    {
      "timestamp": 405.6284999999916,
      "local_timestamp": 405.6284999999916,
      "center_pos_cam": [
        -0.18812964485590708,
        -0.051101782266285735,
        0.4261692175988816
      ],
      "imu_pos_cam": [
        -0.18812964485590708,
        -0.051101782266285735,
        0.4261692175988816
      ],
      "tip_pos_cam": [
        -0.1098304321477982,
        0.06110842944355544,
        0.5093959721231205
