{
  "metadata": {
    "start_time": 1777162763.9877841,
    "tip_offset_body": [
      0.0,
      0.13752252060999998,
      -0.08207403558
    ],
    "imu_to_tip_body": [
      0.0,
      0.0,
      0.0
    ],
    "filtered": true,
    "filter_type": "OneEuro",
    "video_source": "outputs/video.mp4",
    "master_clock": "IMU_SENSOR",
    "sync_offset": 0,
    "t_cv_start_system": 142774.859,
    "end_time": 1777162798.4887905,
    "cv_count": 365
  },
  "cv_readings": [
    {
      "timestamp": 142774.89233333332,
      "local_timestamp": 142774.89233333332,
      "center_pos_cam": [
        -0.18418219339280775,
        -0.06104533860075216,
        0.38922121840386015
      ],
      "imu_pos_cam": [
        -0.18418219339280775,
        -0.06104533860075216,
        0.38922121840386015
      ],
      "tip_pos_cam": [
        -0.08686662875274896,
        0.06586304589279292,
        0.3977378970604754
      ],
      "R_cam": [
        [
          0.1621738863250875,
          0.9202235614450731,
          0.35621373858340094
        ],
        [
          -0.05825275952747283,
          0.36929113879945097,
          -0.9274862105776231
        ],
        [
          -0.9850412410664093,
          0.1296636100282209,
          0.11349494100089869
        ]
      ]
    },
    {
      "timestamp": 142774.92566666668,
      "local_timestamp": 142774.92566666668,
      "center_pos_cam": [
        -0.1839675147065929,
        -0.06101599792373534,
        0.38918846157768555
      ],
      "imu_pos_cam": [
        -0.1839675147065929,
        -0.06101599792373534,
        0.38918846157768555
      ],
      "tip_pos_cam": [
        -0.08694219413560235,
        0.06609549633843213,
        0.3979831296129478
      ],
      "R_cam": [
        [
          0.1666250354398648,
          0.9189097165160525,
          0.3575486406869031
        ],
        [
          -0.05908757726476649,
          0.37127169790688064,
          -0.9266423174808727
        ],
        [
          -0.9842483201802503,
          0.13327512605782926,
          0.11615930869553964
        ]
      ]
    },
    {
      "timestamp": 142775.39233333332,
      "local_timestamp": 142775.39233333332,
      "center_pos_cam": [
        -0.1402622338295672,
        -0.04681620139218034,
        0.3670858286841798
      ],
      "imu_pos_cam": [
        -0.1402622338295672,
        -0.04681620139218034,
        0.3670858286841798
      ],
      "tip_pos_cam": [
        -0.05685697094128364,
        0.08688060378767554,
        0.39567459218578915
      ],
      "R_cam": [
        [
          0.3315969425390639,
          0.850343106404904,
          0.4086074755659803
        ],
        [
          -0.005131648483389206,
          0.43473181142653766,
          -0.9005453449536256
        ],
        [
          -0.9434071941015649,
          0.29652125307211913,
          0.14851940140585185
        ]
      ]
    },
    {
      "timestamp": 142775.42566666668,
      "local_timestamp": 142775.42566666668,
      "center_pos_cam": [
        -0.1378570945786951,
        -0.045927763339385586,
        0.3656353967699602
      ],
      "imu_pos_cam": [
        -0.1378570945786951,
        -0.045927763339385586,
        0.3656353967699602
      ],
      "tip_pos_cam": [
        -0.05565154065158376,
        0.0881152482428848,
        0.3960213958617638
      ],
      "R_cam": [
        [
          0.342766934257773,
          0.8439801410303922,
          0.4125631470767194
        ],
        [
          0.0027436138367680774,
          0.4382664848650531,
          -0.8988408985060398
        ],
        [
          -0.9394164685391895,
          0.3092248531252776,
          0.1479077038122365
        ]
      ]
    },
    {
      "timestamp": 142775.459,
      "local_timestamp": 142775.459,
      "center_pos_cam": [
        -0.13613256994611392,
        -0.045149055775442024,
        0.36468285877802503
      ],
      "imu_pos_cam": [
        -0.13613256994611392,
        -0.045149055775442024,
        0.36468285877802503
      ],
      "tip_pos_cam": [
        -0.05459507701209684,
        0.08916738218307278,
        0.39565579424572866
      ],
      "R_cam": [
        [
          0.34422481251990045,
          0.8414595534754108,
          0.4164794092276374
        ],
        [
          0.007533924578337181,
          0.44109848758358794,
          -0.897427080175275
        ],
        [
          -0.9388570276810455,
          0.3120543928811671,
          0.14549755137966713
        ]
      ]
    },
    {
      "timestamp": 142775.49233333333,
      "local_timestamp": 142775.49233333333,
      "center_pos_cam": [
        -0.13492317359270478,
        -0.04449263261887687,
        0.3639841751398009
      ],
      "imu_pos_cam": [
        -0.13492317359270478,
        -0.04449263261887687,
        0.3639841751398009
      ],
      "tip_pos_cam": [
        -0.05440183299978947,
        0.08991920574090106,
        0.39712572623777503
      ],
      "R_cam": [
        [
          0.33980229119614747,
          0.839067731069727,
          0.4248526162981097
        ],
        [
          0.02822777784821029,
          0.4424297440312088,
          -0.8963588088228012
        ],
        [
          -0.9400731862230731,
          0.31657742224293134,
          0.1266536232028917
        ]
      ]
    },
    {
      "timestamp": 142775.52566666665,
      "local_timestamp": 142775.52566666665,
      "center_pos_cam": [
        -0.13416138247426956,
        -0.043793929230233404,
        0.36374696061239575
      ],
      "imu_pos_cam": [
        -0.13416138247426956,
        -0.043793929230233404,
        0.36374696061239575
      ],
      "tip_pos_cam": [
        -0.05398691415815912,
        0.09062714609267647,
        0.39768248964284647
      ],
      "R_cam": [
        [
          0.3351612258435471,
          0.8389148008962695,
          0.4288227017407349
        ],
        [
          0.037759436349282194,
          0.44282199388042376,
          -0.8958141027592444
        ],
        [
          -0.9414038334623644,
          0.31643425632023214,
          0.1167398122725331
        ]
      ]
    },
    {
      "timestamp": 142775.559,
      "local_timestamp": 142775.559,
      "center_pos_cam": [
        -0.1330466309076736,
        -0.042899193438769016,
        0.36226828163749997
      ],
      "imu_pos_cam": [
        -0.1330466309076736,
        -0.042899193438769016,
        0.36226828163749997
      ],
      "tip_pos_cam": [
        -0.0526561462489389,
        0.0914923796729761,
        0.3958073043453725
      ],
      "R_cam": [
        [
          0.3310653551463421,
          0.8405146994900854,
          0.4288715082200239
        ],
        [
          0.03726786749658889,
          0.4425003326091103,
          -0.8959936169934938
        ],
        [
          -0.9428715907662524,
          0.3126155715602127,
          0.11517233931807785
        ]
      ]
    },
    {
      "timestamp": 142775.59233333333,
      "local_timestamp": 142775.59233333333,
      "center_pos_cam": [
        -0.13190723304835703,
        -0.041995431032003185,
        0.36063690453916325
      ],
      "imu_pos_cam": [
        -0.13190723304835703,
        -0.041995431032003185,
        0.36063690453916325
      ],
      "tip_pos_cam": [
        -0.05126285863054411,
        0.09230911821423232,
        0.39391398250343296
      ],
      "R_cam": [
        [
          0.32954914022643744,
          0.8416859777415957,
          0.42774066798609434
        ],
        [
          0.03588251451815633,
          0.4415557728593259,
          -0.8965160035417428
        ],
        [
          -0.9434563102379837,
          0.3107944888954399,
          0.11531251599176956
        ]
      ]
    },
    {
      "timestamp": 142775.62566666666,
      "local_timestamp": 142775.62566666666,
      "center_pos_cam": [
        -0.13104268027647215,
        -0.04132541798860974,
        0.3597593233324217
      ],
      "imu_pos_cam": [
        -0.13104268027647215,
        -0.04132541798860974,
        0.3597593233324217
      ],
      "tip_pos_cam": [
        -0.05089647062519018,
        0.09289125185028642,
        0.3945596337793772
      ],
      "R_cam": [
        [
          0.32882860682004766,
          0.8401674805262507,
          0.4312659875331684
        ],
        [
          0.04818977037103256,
          0.4411386430445129,
          -0.8961442091786529
        ],
        [
          -0.9431593149454518,
          0.31546046072212963,
          0.10457152744704445
        ]
      ]
    },
    {
      "timestamp": 142775.65899999999,
      "local_timestamp": 142775.65899999999,
      "center_pos_cam": [
        -0.12970859250088965,
        -0.04045592082552365,
        0.3576548877244289
      ],
      "imu_pos_cam": [
        -0.12970859250088965,
        -0.04045592082552365,
        0.3576548877244289
      ],
      "tip_pos_cam": [
        -0.04994330017609337,
        0.09370648753425587,
        0.39352322076011004
      ],
      "R_cam": [
        [
          0.3271800084754761,
          0.8392294354683545,
          0.43433535050402544
        ],
        [
          0.057642710324411706,
          0.4410517768924715,
          -0.8956286328866723
        ],
        [
          -0.9432022900737909,
          0.31806805049149584,
          0.09592786485738075
        ]
      ]
    },
    {
      "timestamp": 142775.69233333334,
      "local_timestamp": 142775.69233333334,
      "center_pos_cam": [
        -0.12870867000596953,
        -0.0398116855007187,
        0.35665560409925234
      ],
      "imu_pos_cam": [
        -0.12870867000596953,
        -0.0398116855007187,
        0.35665560409925234
      ],
      "tip_pos_cam": [
        -0.05016143048580128,
        0.09447021658485757,
        0.3946989074173924
      ],
      "R_cam": [
        [
          0.32859274609486244,
          0.8347964692549548,
          0.4417484149754233
        ],
        [
          0.07453505221643247,
          0.44334102773616335,
          -0.8932487106718577
        ],
        [
          -0.9415260661314327,
          0.3264407879620804,
          0.08345704733433296
        ]
      ]
    },
    {
      "timestamp": 142775.72566666667,
      "local_timestamp": 142775.72566666667,
      "center_pos_cam": [
        -0.12767364126343916,
        -0.03928421358464491,
        0.35571518867651597
      ],
      "imu_pos_cam": [
        -0.12767364126343916,
        -0.03928421358464491,
        0.35571518867651597
      ],
      "tip_pos_cam": [
        -0.050171469483928144,
        0.09515771531172482,
        0.3953052393887544
      ],
      "R_cam": [
        [
          0.3269175044583114,
          0.8315534476307178,
          0.44904766897537407
        ],
        [
          0.08861108937532303,
          0.446091402889741,
          -0.8905899927057239
        ],
        [
          -0.9408894834774532,
          0.3309400610402584,
          0.07215023132465775
        ]
      ]
    },
    {
      "timestamp": 142775.759,
      "local_timestamp": 142775.759,
      "center_pos_cam": [
        -0.12632908629810288,
        -0.03889418611933658,
        0.35417326385326675
      ],
      "imu_pos_cam": [
        -0.12632908629810288,
        -0.03889418611933658,
        0.35417326385326675
      ],
      "tip_pos_cam": [
        -0.04978613970491856,
        0.0957473965538211,
        0.3949336923767153
      ],
      "R_cam": [
        [
          0.3225188570614474,
          0.8291217312331207,
          0.45666042267397156
        ],
        [
          0.10155174306739267,
          0.4493477887191969,
          -0.8875662275307361
        ],
        [
          -0.9410997982784567,
          0.3326315071819877,
          0.06072437821902649
        ]
      ]
    },
    {
      "timestamp": 142775.79233333332,
      "local_timestamp": 142775.79233333332,
      "center_pos_cam": [
        -0.1251221816595287,
        -0.038567394557264184,
        0.3529255989166827
      ],
      "imu_pos_cam": [
        -0.1251221816595287,
        -0.038567394557264184,
        0.3529255989166827
      ],
      "tip_pos_cam": [
        -0.04940207771078772,
        0.09625506541957937,
        0.3946144599601227
      ],
      "R_cam": [
        [
          0.31987609064309186,
          0.8267691443930159,
          0.4627440637269513
        ],
        [
          0.11128734805783208,
          0.45223815224265684,
          -0.8849269912362274
        ],
        [
          -0.9409008517357964,
          0.33456454614287495,
          0.05265122664349481
        ]
      ]
    },
    {
      "timestamp": 142775.82566666667,
      "local_timestamp": 142775.82566666667,
      "center_pos_cam": [
        -0.12411931094102793,
        -0.03835366289248629,
        0.35209754766504314
      ],
      "imu_pos_cam": [
        -0.12411931094102793,
        -0.03835366289248629,
        0.35209754766504314
      ],
      "tip_pos_cam": [
        -0.04919464195969951,
        0.09661817643314163,
        0.39472954924144366
      ],
      "R_cam": [
        [
          0.3168113415081071,
          0.8245661204742435,
          0.4687443726146364
        ],
        [
          0.1212634351959978,
          0.45493369572879794,
          -0.8822304187540825
        ],
        [
          -0.9407049235420742,
          0.33634215533678347,
          0.044138434126137716
        ]
      ]
    },
    {
      "timestamp": 142775.859,
      "local_timestamp": 142775.859,
      "center_pos_cam": [
        -0.12308926193707885,
        -0.03806023530022193,
        0.351079155902593
      ],
      "imu_pos_cam": [
        -0.12308926193707885,
        -0.03806023530022193,
        0.351079155902593
      ],
      "tip_pos_cam": [
        -0.04819082894364779,
        0.09718813670736057,
        0.3928726194554272
      ],
      "R_cam": [
        [
          0.31480226897960284,
          0.8248669014511596,
          0.46956802098913986
        ],
        [
          0.1167420986028056,
          0.45731562463726316,
          -0.8816085876830166
        ],
        [
          -0.9419505368431546,
          0.3323507399615551,
          0.047667303132232774
        ]
      ]
    },
    {
      "timestamp": 142775.89233333332,
      "local_timestamp": 142775.89233333332,
      "center_pos_cam": [
        -0.12251043727813708,
        -0.038214823753915855,
        0.35142368641412536
      ],
      "imu_pos_cam": [
        -0.12251043727813708,
        -0.038214823753915855,
        0.35142368641412536
      ],
      "tip_pos_cam": [
        -0.04878400427344386,
        0.09704491158105444,
        0.3952164719481976
      ],
      "R_cam": [
        [
          0.3125748720672985,
          0.8211157543625623,
          0.4775624224012104
        ],
        [
          0.13408932440618848,
          0.459577513646483,
          -0.8779570388298101
        ],
        [
          -0.9403813069348007,
          0.33846333167437326,
          0.03354952577130277
        ]
      ]
    },
    {
      "timestamp": 142775.92566666668,
      "local_timestamp": 142775.92566666668,
      "center_pos_cam": [
        -0.12191751346974232,
        -0.038431630492076686,
        0.3519027258793306
      ],
      "imu_pos_cam": [
        -0.12191751346974232,
        -0.038431630492076686,
        0.3519027258793306
      ],
      "tip_pos_cam": [
        -0.04922566888408275,
        0.09698214471651082,
        0.3969315633705143
      ],
      "R_cam": [
        [
          0.31137330450603695,
          0.817616170522039,
          0.48430410171902016
        ],
        [
          0.1451404064694945,
          0.46274261370713743,
          -0.8745304659469315
        ],
        [
          -0.9391383964309312,
          0.34259753525144226,
          0.025416553440151646
        ]
      ]
    },
    {
      "timestamp": 142775.959,
      "local_timestamp": 142775.959,
      "center_pos_cam": [
        -0.12134599452896012,
        -0.038680348596903294,
        0.35250959242222213
      ],
      "imu_pos_cam": [
        -0.12134599452896012,
        -0.038680348596903294,
        0.35250959242222213
      ],
      "tip_pos_cam": [
        -0.04950043995487227,
        0.0969518522393585,
        0.398233911723538
      ],
      "R_cam": [
        [
          0.3149214601041008,
          0.8138595077425486,
          0.48832077123849427
        ],
        [
          0.14917317858874096,
          0.4656625959923252,
          -0.8722990940517021
        ],
        [
          -0.9373216293010809,
          0.34755006596279797,
          0.02524113495114505
        ]
      ]
    },
    {
      "timestamp": 142775.99233333333,
      "local_timestamp": 142775.99233333333,
      "center_pos_cam": [
        -0.12058332473733326,
        -0.03871946191426408,
        0.3524253104151725
      ],
      "imu_pos_cam": [
        -0.12058332473733326,
        -0.03871946191426408,
        0.3524253104151725
      ],
      "tip_pos_cam": [
        -0.048802356656029666,
        0.09734898357983345,
        0.39693892354021193
      ],
      "R_cam": [
        [
          0.3253575544271586,
          0.8115725370020521,
          0.48527567316035103
        ],
        [
          0.1345562553554266,
          0.46823970978650736,
          -0.8732961630075866
        ],
        [
          -0.9359685229332791,
          0.34943038128231013,
          0.04314316533352097
        ]
      ]
    },
    {
      "timestamp": 142776.02566666665,
      "local_timestamp": 142776.02566666665,
      "center_pos_cam": [
        -0.11994041420941416,
        -0.03872271239546276,
        0.3522509313007565
      ],
      "imu_pos_cam": [
        -0.11994041420941416,
        -0.03872271239546276,
        0.3522509313007565
      ],
      "tip_pos_cam": [
        -0.0481809724363548,
        0.09771835903047033,
        0.3956445660399358
      ],
      "R_cam": [
        [
          0.3425165601529577,
          0.8079529730851265,
          0.47947304335477514
        ],
        [
          0.11635902802717929,
          0.4699328664537928,
          -0.8749992443557263
        ],
        [
          -0.9322783825754812,
          0.35549274860315594,
          0.06694716628071729
        ]
      ]
    },
    {
      "timestamp": 142776.059,
      "local_timestamp": 142776.059,
      "center_pos_cam": [
        -0.1202601871974871,
        -0.03920531443138755,
        0.3549443725061101
      ],
      "imu_pos_cam": [
        -0.1202601871974871,
        -0.03920531443138755,
        0.3549443725061101
      ],
      "tip_pos_cam": [
        -0.04907875002543721,
        0.09737950992835959,
        0.39883491531493753
      ],
      "R_cam": [
        [
          0.3520409381216866,
          0.8037993710322391,
          0.4795557830060857
        ],
        [
          0.1150252262321323,
          0.4713174906914749,
          -0.874430683529883
        ],
        [
          -0.9288898617256245,
          0.36299641058344995,
          0.07346584707795711
        ]
      ]
    },
    {
      "timestamp": 142776.09233333333,
      "local_timestamp": 142776.09233333333,
      "center_pos_cam": [
        -0.12032335083874353,
        -0.039380460704277746,
        0.3564365226123746
      ],
      "imu_pos_cam": [
        -0.12032335083874353,
        -0.039380460704277746,
        0.3564365226123746
      ],
      "tip_pos_cam": [
        -0.0489720587887022,
        0.09756920307683362,
        0.39889089464100363
      ],
      "R_cam": [
        [
          0.3701378303779466,
          0.8003282571395618,
          0.4716700831588305
        ],
        [
          0.09367170645824657,
          0.4729893406246873,
          -0.8760745944636357
        ],
        [
          -0.9242421749370164,
          0.36845049121880025,
          0.10010313475770022
        ]
      ]
    },
    {
      "timestamp": 142776.12566666666,
      "local_timestamp": 142776.12566666666,
      "center_pos_cam": [
        -0.12093961522870741,
        -0.04002855985405762,
        0.35983040589660825
      ],
      "imu_pos_cam": [
        -0.12093961522870741,
        -0.04002855985405762,
        0.35983040589660825
      ],
      "tip_pos_cam": [
        -0.050576985609143685,
        0.09747234795681076,
        0.4021528785975521
      ],
      "R_cam": [
        [
          0.3794506441238872,
          0.7945497503234128,
          0.47403365169043576
        ],
        [
          0.08927503684264271,
          0.47851767445309723,
          -0.8735277917918493
        ],
        [
          -0.9208947694881928,
          0.3737800549748501,
          0.11064038156245704
        ]
      ]
    },
    {
      "timestamp": 142776.15899999999,
      "local_timestamp": 142776.15899999999,
      "center_pos_cam": [
        -0.12085286703221185,
        -0.040373614998803875,
        0.3607357898053095
      ],
      "imu_pos_cam": [
        -0.12085286703221185,
        -0.040373614998803875,
        0.3607357898053095
      ],
      "tip_pos_cam": [
        -0.051162423183067005,
        0.0972559037846068,
        0.4037468184708853
      ],
      "R_cam": [
        [
          0.3964477476928346,
          0.7879396574220139,
          0.47114783201343324
        ],
        [
          0.08492833050791126,
          0.47952333626147975,
          -0.8734097255342416
        ],
        [
          -0.91412054020595,
          0.3862751172963895,
          0.12318754698119022
        ]
      ]
    },
    {
      "timestamp": 142776.29233333332,
      "local_timestamp": 142776.29233333332,
      "center_pos_cam": [
        -0.11771470209473502,
        -0.04199310761610757,
        0.36099505877109567
      ],
      "imu_pos_cam": [
        -0.11771470209473502,
        -0.04199310761610757,
        0.36099505877109567
      ],
      "tip_pos_cam": [
        -0.050272102031078764,
        0.09768190241374598,
        0.40088212761713893
      ],
      "R_cam": [
        [
          0.4436705485995107,
          0.7670265538305399,
          0.4634940237201069
        ],
        [
          0.04142393680890466,
          0.49907819166223427,
          -0.8655662979035205
        ],
        [
          -0.8952320937972795,
          0.4032260213899891,
          0.18965303559220703
        ]
      ]
    },
    {
      "timestamp": 142776.32566666667,
      "local_timestamp": 142776.32566666667,
      "center_pos_cam": [
        -0.11671319333762716,
        -0.042375262894338635,
        0.3606331615050062
      ],
      "imu_pos_cam": [
        -0.11671319333762716,
        -0.042375262894338635,
        0.3606331615050062
      ],
      "tip_pos_cam": [
        -0.04986670879886691,
        0.09782067218307036,
        0.3996874606780191
      ],
      "R_cam": [
        [
          0.4508299387710025,
          0.7627655258939036,
          0.46361742721292404
        ],
        [
          0.033519290380765954,
          0.5045621318540993,
          -0.8627244706574728
        ],
        [
          -0.8919802820018523,
          0.4044821474510876,
          0.20190435585507466
        ]
      ]
    },
    {
      "timestamp": 142776.359,
      "local_timestamp": 142776.359,
      "center_pos_cam": [
        -0.11536021492297921,
        -0.04248363436161817,
        0.35919826888822065
      ],
      "imu_pos_cam": [
        -0.11536021492297921,
        -0.04248363436161817,
        0.35919826888822065
      ],
      "tip_pos_cam": [
        -0.04840472132920538,
        0.09833138088517018,
        0.3957589629458538
      ],
      "R_cam": [
        [
          0.45350873231337124,
          0.7623774159084942,
          0.4616389340471685
        ],
        [
          0.015728507871902442,
          0.5110401334957222,
          -0.8594129368335095
        ],
        [
          -0.8911130364637487,
          0.39701216312521387,
          0.21977010391542356
        ]
      ]
    },
    {
      "timestamp": 142776.39233333332,
      "local_timestamp": 142776.39233333332,
      "center_pos_cam": [
        -0.11384892069312495,
        -0.04260056519586705,
        0.3575217049405184
      ],
      "imu_pos_cam": [
        -0.11384892069312495,
        -0.04260056519586705,
        0.3575217049405184
      ],
      "tip_pos_cam": [
        -0.04786442596110585,
        0.09900867356615989,
        0.39275607656134287
      ],
      "R_cam": [
        [
          0.4454363420648501,
          0.7611522160662434,
          0.4714167679933889
        ],
        [
          0.015178296619395237,
          0.5200425504563112,
          -0.8540054830190662
        ],
        [
          -0.8951849442878379,
          0.38756038199529863,
          0.2200928572853711
        ]
      ]
    },
    {
      "timestamp": 142776.42566666668,
      "local_timestamp": 142776.42566666668,
      "center_pos_cam": [
        -0.11317519271175758,
        -0.04299041359761951,
        0.3577324271414682
      ],
      "imu_pos_cam": [
        -0.11317519271175758,
        -0.04299041359761951,
        0.3577324271414682
      ],
      "tip_pos_cam": [
        -0.047602265339616465,
        0.09889332004109758,
        0.39262925100697854
      ],
      "R_cam": [
        [
          0.45102449159837676,
          0.7580100256354859,
          0.4711663283963697
        ],
        [
          0.011054360053027401,
          0.523125719355981,
          -0.8521838316185688
        ],
        [
          -0.8924431125300054,
          0.38956422164307813,
          0.22756319586738732
        ]
      ]
    },
    {
      "timestamp": 142776.459,
      "local_timestamp": 142776.459,
      "center_pos_cam": [
        -0.11217992045539578,
        -0.043245161404690625,
        0.3568965012628003
      ],
      "imu_pos_cam": [
        -0.11217992045539578,
        -0.043245161404690625,
        0.3568965012628003
      ],
      "tip_pos_cam": [
        -0.04727293038208841,
        0.09889153618351346,
        0.3920082205265728
      ],
      "R_cam": [
        [
          0.45034449649676217,
          0.7557299940378996,
          0.4754597886115647
        ],
        [
          0.014878711715718584,
          0.5260903023975994,
          -0.8502985461947368
        ],
        [
          -0.8927308992147399,
          0.3900014997851655,
          0.22567758362886464
        ]
      ]
    },
    {
      "timestamp": 142776.49233333333,
      "local_timestamp": 142776.49233333333,
      "center_pos_cam": [
        -0.11196709011402745,
        -0.04380029714881627,
        0.35846889094486023
      ],
      "imu_pos_cam": [
        -0.11196709011402745,
        -0.04380029714881627,
        0.35846889094486023
      ],
      "tip_pos_cam": [
        -0.04765894172591123,
        0.0986552082021978,
        0.39338997393772
      ],
      "R_cam": [
        [
          0.4539467421515472,
          0.7524416358558379,
          0.4772462047209882
        ],
        [
          0.013475493631362134,
          0.5297538039199161,
          -0.8480444082144343
        ],
        [
          -0.8909269141525515,
          0.3913981245010887,
          0.2303404909598884
        ]
      ]
    },
    {
      "timestamp": 142776.52566666665,
      "local_timestamp": 142776.52566666665,
      "center_pos_cam": [
        -0.1115017285497167,
        -0.04428204103947665,
        0.35923721534508934
      ],
      "imu_pos_cam": [
        -0.1115017285497167,
        -0.04428204103947665,
        0.35923721534508934
      ],
      "tip_pos_cam": [
        -0.047953687923820695,
        0.09847960114838396,
        0.3942993180166307
      ],
      "R_cam": [
        [
          0.45811028012303007,
          0.7483634167467843,
          0.47967402235338763
        ],
        [
          0.014362829262759669,
          0.5333269826814516,
          -0.8457872301468423
        ],
        [
          -0.888779320405897,
          0.3943533010118944,
          0.23357395745214066
        ]
      ]
    },
    {
      "timestamp": 142776.559,
      "local_timestamp": 142776.559,
      "center_pos_cam": [
        -0.11064639703042228,
        -0.044513593900723535,
        0.3588727420819886
      ],
      "imu_pos_cam": [
        -0.11064639703042228,
        -0.044513593900723535,
        0.3588727420819886
      ],
      "tip_pos_cam": [
        -0.04740689314138967,
        0.0986074675422759,
        0.39301535344393895
      ],
      "R_cam": [
        [
          0.4583307022420039,
          0.7471351349433459,
          0.4813751733477121
        ],
        [
          0.00949539624494905,
          0.5374652089431788,
          -0.843232462981482
        ],
        [
          -0.8887310081416666,
          0.39105017492497485,
          0.23924246249076198
        ]
      ]
    },
    {
      "timestamp": 142776.59233333333,
      "local_timestamp": 142776.59233333333,
      "center_pos_cam": [
        -0.11008517710818203,
        -0.04490794562954287,
        0.35936303214419996
      ],
      "imu_pos_cam": [
        -0.11008517710818203,
        -0.04490794562954287,
        0.35936303214419996
      ],
      "tip_pos_cam": [
        -0.04739828818834642,
        0.09848332081889763,
        0.39339080984388985
      ],
      "R_cam": [
        [
          0.46274890539646485,
          0.7437354072996232,
          0.482411747870258
        ],
        [
          0.008059961395714244,
          0.5406299076501458,
          -0.8412219326530272
        ],
        [
          -0.8864527554115184,
          0.3931627485953604,
          0.24418141931823611
        ]
      ]
    },
    {
      "timestamp": 142776.62566666666,
      "local_timestamp": 142776.62566666666,
      "center_pos_cam": [
        -0.10923911356035046,
        -0.04503168152489626,
        0.3584605075146255
      ],
      "imu_pos_cam": [
        -0.10923911356035046,
        -0.04503168152489626,
        0.3584605075146255
      ],
      "tip_pos_cam": [
        -0.04686473493601697,
        0.09857854034023228,
        0.3921373847212761
      ],
      "R_cam": [
        [
          0.4645860862819247,
          0.7420018322738489,
          0.48331464837670207
        ],
        [
          0.005869309754683416,
          0.5432004554529855,
          -0.8395825250674723
        ],
        [
          -0.885508509070493,
          0.39289508281209173,
          0.2480083350733036
        ]
      ]
    },
    {
      "timestamp": 142776.65899999999,
      "local_timestamp": 142776.65899999999,
      "center_pos_cam": [
        -0.10895792289888782,
        -0.04538622980622901,
        0.35923882773164056
      ],
      "imu_pos_cam": [
        -0.10895792289888782,
        -0.04538622980622901,
        0.35923882773164056
      ],
      "tip_pos_cam": [
        -0.047030769278638945,
        0.0983930448358932,
        0.39301957401105636
      ],
      "R_cam": [
        [
          0.4671261210172273,
          0.7395397219157325,
          0.48463820193232776
        ],
        [
          0.006537896213670791,
          0.5452110750303842,
          -0.8382733084008532
        ],
        [
          -0.884166524460465,
          0.39474787317098203,
          0.24984730066680383
        ]
      ]
    },
    {
      "timestamp": 142776.69233333334,
      "local_timestamp": 142776.69233333334,
      "center_pos_cam": [
        -0.10821338138868533,
        -0.045433500279847244,
        0.35836236354227524
      ],
      "imu_pos_cam": [
        -0.10821338138868533,
        -0.045433500279847244,
        0.35836236354227524
      ],
      "tip_pos_cam": [
        -0.046383485870604646,
        0.09852035088212016,
        0.39157296045314605
      ],
      "R_cam": [
        [
          0.4683978981771153,
          0.7387859978716189,
          0.4845602731674332
        ],
        [
          0.00264684283332417,
          0.5472685501813533,
          -0.8369528829064486
        ],
        [
          -0.8835136689413905,
          0.3933095261130045,
          0.25438398821955627
        ]
      ]
    },
    {
      "timestamp": 142776.72566666667,
      "local_timestamp": 142776.72566666667,
      "center_pos_cam": [
        -0.10704883605860868,
        -0.04537755776420955,
        0.3562890374066409
      ],
      "imu_pos_cam": [
        -0.10704883605860868,
        -0.04537755776420955,
        0.3562890374066409
      ],
      "tip_pos_cam": [
        -0.04548717700371806,
        0.09876965703453222,
        0.3891574658979725
      ],
      "R_cam": [
        [
          0.4686291495003712,
          0.737693835993358,
          0.48599848207166585
        ],
        [
          0.0012916400650813675,
          0.5495757823958642,
          -0.8354428712185626
        ],
        [
          -0.8833940524502646,
          0.3921406173063157,
          0.2565943965758424
        ]
      ]
    },
    {
      "timestamp": 142776.79233333332,
      "local_timestamp": 142776.79233333332,
      "center_pos_cam": [
        -0.10522308265500797,
        -0.04582475684151498,
        0.3553719792040002
      ],
      "imu_pos_cam": [
        -0.10522308265500797,
        -0.04582475684151498,
        0.3553719792040002
      ],
      "tip_pos_cam": [
        -0.044509140690296864,
        0.09892883272607626,
        0.387133694361057
      ],
      "R_cam": [
        [
          0.4675360382581679,
          0.7347769325184045,
          0.4914396324765651
        ],
        [
          -0.002138166446242762,
          0.5568819152205156,
          -0.8305889240440056
        ],
        [
          -0.8839714255416322,
          0.3872794752361335,
          0.2619334398024048
        ]
      ]
    },
    {
      "timestamp": 142776.82566666667,
      "local_timestamp": 142776.82566666667,
      "center_pos_cam": [
        -0.10463883774378892,
        -0.04627260222948529,
        0.3558957963397592
      ],
      "imu_pos_cam": [
        -0.10463883774378892,
        -0.04627260222948529,
        0.3558957963397592
      ],
      "tip_pos_cam": [
        -0.044798984007260054,
        0.09874700813968001,
        0.3880997635562574
      ],
      "R_cam": [
        [
          0.4706545555471911,
          0.7304695544723231,
          0.494872225257876
        ],
        [
          0.0017250903717974664,
          0.5601147578842649,
          -0.8284132314632962
        ],
        [
          -0.8823158807399339,
          0.3907501605748323,
          0.2623604364321298
        ]
      ]
    },
    {
      "timestamp": 142776.859,
      "local_timestamp": 142776.859,
      "center_pos_cam": [
        -0.10395723114518957,
        -0.04669869268134638,
        0.3560862142281541
      ],
      "imu_pos_cam": [
        -0.10395723114518957,
        -0.04669869268134638,
        0.3560862142281541
      ],
      "tip_pos_cam": [
        -0.04500284046948339,
        0.09852647266786757,
        0.3889894383963819
      ],
      "R_cam": [
        [
          0.47220256814199735,
          0.7265678409566014,
          0.499123138241221
        ],
        [
          0.008016868158468693,
          0.5626634354023243,
          -0.8266471969868306
        ],
        [
          -0.8814536087991426,
          0.394346333758686,
          0.259866320607444
        ]
      ]
    },
    {
      "timestamp": 142776.89233333332,
      "local_timestamp": 142776.89233333332,
      "center_pos_cam": [
        -0.10284456414459092,
        -0.04663837765557476,
        0.3543224486018987
      ],
      "imu_pos_cam": [
        -0.10284456414459092,
        -0.04663837765557476,
        0.3543224486018987
      ],
      "tip_pos_cam": [
        -0.04388696838906861,
        0.09891178647670137,
        0.3857508213741387
      ],
      "R_cam": [
        [
          0.47831822949400093,
          0.7247163472839208,
          0.49598174090703806
        ],
        [
          -0.004127941017458836,
          0.566628649397285,
          -0.8239629444247876
        ],
        [
          -0.8781768793567052,
          0.3920691133737273,
          0.2740203986962626
        ]
      ]
    },
    {
      "timestamp": 142776.92566666668,
      "local_timestamp": 142776.92566666668,
      "center_pos_cam": [
        -0.10239654707972852,
        -0.04703499485279483,
        0.35500037883640734
      ],
      "imu_pos_cam": [
        -0.10239654707972852,
        -0.04703499485279483,
        0.35500037883640734
      ],
      "tip_pos_cam": [
        -0.04419839315892172,
        0.09872493843023836,
        0.38686897969761186
      ],
      "R_cam": [
        [
          0.48057106562105106,
          0.7210647524828193,
          0.4991162926761039
        ],
        [
          -0.00014404028050069018,
          0.5692113676806332,
          -0.8221912175130192
        ],
        [
          -0.8769557743354253,
          0.3950494166937014,
          0.27365037589910457
        ]
      ]
    },
    {
      "timestamp": 142776.959,
      "local_timestamp": 142776.959,
      "center_pos_cam": [
        -0.10167786186098823,
        -0.047160304343888,
        0.35459710098176506
      ],
      "imu_pos_cam": [
        -0.10167786186098823,
        -0.047160304343888,
        0.35459710098176506
      ],
      "tip_pos_cam": [
        -0.04374484143620255,
        0.09877523194805986,
        0.38614350145722187
      ],
      "R_cam": [
        [
          0.47995779331870914,
          0.7202172907220912,
          0.5009267119824675
        ],
        [
          -0.0008909919971323843,
          0.5713921541724677,
          -0.8206766795050338
        ],
        [
          -0.8772911277141108,
          0.3934438464318353,
          0.27488582527847105
        ]
      ]
    },
    {
      "timestamp": 142776.99233333333,
      "local_timestamp": 142776.99233333333,
      "center_pos_cam": [
        -0.10076002412703355,
        -0.04705197883398156,
        0.3529412653324469
      ],
      "imu_pos_cam": [
        -0.10076002412703355,
        -0.04705197883398156,
        0.3529412653324469
      ],
      "tip_pos_cam": [
        -0.04276974201291259,
        0.0991215877845686,
        0.3832563868669536
      ],
      "R_cam": [
        [
          0.4868976783187853,
          0.7182840192996051,
          0.49698965629737335
        ],
        [
          -0.012032477134064523,
          0.5744519924143986,
          -0.8184498322470022
        ],
        [
          -0.8733761333708375,
          0.39252130646619987,
          0.28834207745015755
        ]
      ]
    },
    {
      "timestamp": 142777.02566666665,
      "local_timestamp": 142777.02566666665,
      "center_pos_cam": [
        -0.10009447644138442,
        -0.04719383393111601,
        0.35252281559686416
      ],
      "imu_pos_cam": [
        -0.10009447644138442,
        -0.04719383393111601,
        0.35252281559686416
      ],
      "tip_pos_cam": [
        -0.04246315255424107,
        0.09910070769039189,
        0.38293874218283314
      ],
      "R_cam": [
        [
          0.48565895175414775,
          0.7172683440713609,
          0.499661390517809
        ],
        [
          -0.009588430640856016,
          0.5759346249055612,
          -0.8174395205963167
        ],
        [
          -0.8740957868442726,
          0.39220585210832654,
          0.28658528397856303
        ]
      ]
    },
    {
      "timestamp": 142777.059,
      "local_timestamp": 142777.059,
      "center_pos_cam": [
        -0.09949111176217804,
        -0.047337918076355096,
        0.35219940364649416
      ],
      "imu_pos_cam": [
        -0.09949111176217804,
        -0.047337918076355096,
        0.35219940364649416
      ],
      "tip_pos_cam": [
        -0.04224626061539095,
        0.09909109778671757,
        0.38269794987199773
      ],
      "R_cam": [
        [
