{
  "metadata": {
    "start_time": 1778519103.0288033,
    "tip_offset_body": [
      0.0,
      0.13752252060999998,
      -0.08207403558
    ],
    "imu_to_tip_body": [
      0.0,
      0.0,
      0.0
    ],
    "filtered": true,
    "filter_type": "OneEuro",
    "video_source": "outputs/video.mp4",
    "master_clock": "IMU_SENSOR",
    "sync_offset": 482388.0095,
    "t_cv_start_system": 485347.062,
    "end_time": 1778519120.8372035,
    "cv_count": 269
  },
  "cv_readings": [
    {
      "timestamp": 2959.0858333333163,
      "local_timestamp": 2959.0858333333163,
      "center_pos_cam": [
        -0.2290174209151704,
        0.037041586954234575,
        0.4922329520253816
      ],
      "imu_pos_cam": [
        -0.2290174209151704,
        0.037041586954234575,
        0.4922329520253816
      ],
      "tip_pos_cam": [
        -0.12897380876987702,
        0.12759351407129785,
        0.5784896338281448
      ],
      "R_cam": [
        [
          -0.7526260458778595,
          0.6430885494522047,
          -0.14139007259959058
        ],
        [
          0.619803660168609,
          0.7644096661317294,
          0.17754234752861997
        ],
        [
          0.22225538892871344,
          0.04598891048760641,
          -0.9739032612145363
        ]
      ]
    },
    {
      "timestamp": 2959.119166666642,
      "local_timestamp": 2959.119166666642,
      "center_pos_cam": [
        -0.2288917984366124,
        0.03704437777407721,
        0.49195506164113745
      ],
      "imu_pos_cam": [
        -0.2288917984366124,
        0.03704437777407721,
        0.49195506164113745
      ],
      "tip_pos_cam": [
        -0.1287793412147153,
        0.1275442033407008,
        0.578186543553021
      ],
      "R_cam": [
        [
          -0.7521579885726598,
          0.6436631503640411,
          -0.1412660932062914
        ],
        [
          0.6204284552095358,
          0.7639385528188193,
          0.17738776587858912
        ],
        [
          0.2220965830278343,
          0.04577812119917178,
          -0.973949419336977
        ]
      ]
    },
    {
      "timestamp": 2959.1524999999674,
      "local_timestamp": 2959.1524999999674,
      "center_pos_cam": [
        -0.2288552262890201,
        0.037121724820180446,
        0.4918831810474643
      ],
      "imu_pos_cam": [
        -0.2288552262890201,
        0.037121724820180446,
        0.4918831810474643
      ],
      "tip_pos_cam": [
        -0.12838989298740758,
        0.12754089308104077,
        0.5777882554431314
      ],
      "R_cam": [
        [
          -0.7493925823429042,
          0.6472529771957424,
          -0.1395504963827831
        ],
        [
          0.6250181290009215,
          0.7610701603750003,
          0.17356425152363208
        ],
        [
          0.2185476971958772,
          0.04284617250139104,
          -0.9748851776247087
        ]
      ]
    },
    {
      "timestamp": 2959.185833333351,
      "local_timestamp": 2959.185833333351,
      "center_pos_cam": [
        -0.23004660928553416,
        0.03720060869545788,
        0.49479988694294497
      ],
      "imu_pos_cam": [
        -0.23004660928553416,
        0.03720060869545788,
        0.49479988694294497
      ],
      "tip_pos_cam": [
        -0.12908077501224394,
        0.12719463332336395,
        0.5805644882192601
      ],
      "R_cam": [
        [
          -0.7489914998885527,
          0.645831983992774,
          -0.1480296644144472
        ],
        [
          0.6215457930391464,
          0.7622479433549165,
          0.18071773572767846
        ],
        [
          0.2295486010631192,
          0.04334883277734071,
          -0.9723313830411973
        ]
      ]
    },
    {
      "timestamp": 2959.2191666666768,
      "local_timestamp": 2959.2191666666768,
      "center_pos_cam": [
        -0.22979541926095892,
        0.03716097965943879,
        0.49419898886542357
      ],
      "imu_pos_cam": [
        -0.22979541926095892,
        0.03716097965943879,
        0.49419898886542357
      ],
      "tip_pos_cam": [
        -0.12896072814699322,
        0.12715920459031715,
        0.5801133390553489
      ],
      "R_cam": [
        [
          -0.7495183145025045,
          0.6454330380904408,
          -0.1471002704506973
        ],
        [
          0.6210849840175047,
          0.7625253297571634,
          0.1811313449039269
        ],
        [
          0.22907583646753488,
          0.04439949121412119,
          -0.9723954680718264
        ]
      ]
    },
    {
      "timestamp": 2959.2525000000023,
      "local_timestamp": 2959.2525000000023,
      "center_pos_cam": [
        -0.23029240087617672,
        0.03725977849208183,
        0.4954101563022959
      ],
      "imu_pos_cam": [
        -0.23029240087617672,
        0.03725977849208183,
        0.4954101563022959
      ],
      "tip_pos_cam": [
        -0.12896030683611837,
        0.1270279333531319,
        0.5809792867268496
      ],
      "R_cam": [
        [
          -0.7467424054396443,
          0.6483914507450159,
          -0.14820359819851703
        ],
        [
          0.6243210946853055,
          0.7601554341079801,
          0.17996357055540485
        ],
        [
          0.22934461111863036,
          0.041859796904450866,
          -0.9724447576875319
        ]
      ]
    },
    {
      "timestamp": 2959.285833333328,
      "local_timestamp": 2959.285833333328,
      "center_pos_cam": [
        -0.22997438188768202,
        0.03722131589178089,
        0.49466384470445407
      ],
      "imu_pos_cam": [
        -0.22997438188768202,
        0.03722131589178089,
        0.49466384470445407
      ],
      "tip_pos_cam": [
        -0.12876354745111845,
        0.12703259220062021,
        0.5803311817224028
      ],
      "R_cam": [
        [
          -0.747255300270859,
          0.6479801031053904,
          -0.1474154069174456
        ],
        [
          0.6239366362062284,
          0.7604704516052271,
          0.17996601411099405
        ],
        [
          0.22871945745118627,
          0.04250268479601711,
          -0.972564101521522
        ]
      ]
    },
    {
      "timestamp": 2959.3191666666535,
      "local_timestamp": 2959.3191666666535,
      "center_pos_cam": [
        -0.2307978281877683,
        0.03736327586283096,
        0.4966822208202166
      ],
      "imu_pos_cam": [
        -0.2307978281877683,
        0.03736327586283096,
        0.4966822208202166
      ],
      "tip_pos_cam": [
        -0.12910451962016561,
        0.12713124353456956,
        0.5818219528140103
      ],
      "R_cam": [
        [
          -0.746086947991412,
          0.6479507256941384,
          -0.15334315475201268
        ],
        [
          0.6234486069833223,
          0.7606672738854191,
          0.180823485449982
        ],
        [
          0.23380782811406273,
          0.03930846616397625,
          -0.9714879021379631
        ]
      ]
    },
    {
      "timestamp": 2959.352499999979,
      "local_timestamp": 2959.352499999979,
      "center_pos_cam": [
        -0.23160023255882345,
        0.03748262113135653,
        0.49859540745791353
      ],
      "imu_pos_cam": [
        -0.23160023255882345,
        0.03748262113135653,
        0.49859540745791353
      ],
      "tip_pos_cam": [
        -0.12955637364927622,
        0.1271758521079818,
        0.5833937928619832
      ],
      "R_cam": [
        [
          -0.7452564024721383,
          0.6478340554714225,
          -0.1578097942009186
        ],
        [
          0.6228485768825865,
          0.7608632616899959,
          0.18206248181818713
        ],
        [
          0.23801795068780615,
          0.03739162448879524,
          -0.9705407366867534
        ]
      ]
    },
    {
      "timestamp": 2959.3858333333046,
      "local_timestamp": 2959.3858333333046,
      "center_pos_cam": [
        -0.23204521962577562,
        0.03750366015723323,
        0.4996897207000166
      ],
      "imu_pos_cam": [
        -0.23204521962577562,
        0.03750366015723323,
        0.4996897207000166
      ],
      "tip_pos_cam": [
        -0.12986515025452,
        0.12693571410092144,
        0.5845998622734094
      ],
      "R_cam": [
        [
          -0.7451556397909173,
          0.647338407484549,
          -0.16029990231798913
        ],
        [
          0.6213103508677613,
          0.761210745027782,
          0.18582693442778536
        ],
        [
          0.24231491987157544,
          0.03887399966066353,
          -0.9694185328113006
        ]
      ]
    },
    {
      "timestamp": 2959.41916666663,
      "local_timestamp": 2959.41916666663,
      "center_pos_cam": [
        -0.23270330071426248,
        0.037489312709626334,
        0.5012670041133233
      ],
      "imu_pos_cam": [
        -0.23270330071426248,
        0.037489312709626334,
        0.5012670041133233
      ],
      "tip_pos_cam": [
        -0.13048575979431154,
        0.12655912258853347,
        0.5865121464249441
      ],
      "R_cam": [
        [
          -0.7460407185806401,
          0.6453792614178695,
          -0.16403918785280489
        ],
        [
          0.6174020338863628,
          0.7626798707681999,
          0.192702213993469
        ],
        [
          0.24947539913319092,
          0.04248556998237904,
          -0.9674487074623688
        ]
      ]
    },
    {
      "timestamp": 2959.452500000014,
      "local_timestamp": 2959.452500000014,
      "center_pos_cam": [
        -0.23323564842725342,
        0.037502777943630425,
        0.5025854570711736
      ],
      "imu_pos_cam": [
        -0.23323564842725342,
        0.037502777943630425,
        0.5025854570711736
      ],
      "tip_pos_cam": [
        -0.13087546325469773,
        0.12638895294426977,
        0.5878511088690155
      ],
      "R_cam": [
        [
          -0.746376810351948,
          0.643906113572822,
          -0.16824557608566287
        ],
        [
          0.6146020052821292,
          0.763862718883645,
          0.19692161334620387
        ],
        [
          0.25531555391718364,
          0.04357365721660378,
          -0.9658754082824202
        ]
      ]
    },
    {
      "timestamp": 2959.4858333333395,
      "local_timestamp": 2959.4858333333395,
      "center_pos_cam": [
        -0.2340068970266228,
        0.03761158482636421,
        0.5044938911750115
      ],
      "imu_pos_cam": [
        -0.2340068970266228,
        0.03761158482636421,
        0.5044938911750115
      ],
      "tip_pos_cam": [
        -0.1311881131230565,
        0.1263862662647917,
        0.5893228048979423
      ],
      "R_cam": [
        [
          -0.7451295943882853,
          0.6438335217096951,
          -0.17395483290107633
        ],
        [
          0.6138213709776195,
          0.764055195207657,
          0.19860257603401069
        ],
        [
          0.26077808975814176,
          0.04120746290516958,
          -0.9645189126725374
        ]
      ]
    },
    {
      "timestamp": 2959.519166666665,
      "local_timestamp": 2959.519166666665,
      "center_pos_cam": [
        -0.2348504964072815,
        0.03771512001276732,
        0.5065137021003097
      ],
      "imu_pos_cam": [
        -0.2348504964072815,
        0.03771512001276732,
        0.5065137021003097
      ],
      "tip_pos_cam": [
        -0.13166160526905102,
        0.1263267756821797,
        0.5910632036748482
      ],
      "R_cam": [
        [
          -0.7440885067746147,
          0.6437772350958376,
          -0.1785585776664982
        ],
        [
          0.6129699184911038,
          0.7641695332915696,
          0.20078048564029882
        ],
        [
          0.26570693086732555,
          0.03994741495145106,
          -0.963225846272702
        ]
      ]
    },
    {
      "timestamp": 2959.5524999999907,
      "local_timestamp": 2959.5524999999907,
      "center_pos_cam": [
        -0.23510397161866944,
        0.037749016540073024,
        0.5071218159153992
      ],
      "imu_pos_cam": [
        -0.23510397161866944,
        0.037749016540073024,
        0.5071218159153992
      ],
      "tip_pos_cam": [
        -0.13179155784820357,
        0.12629264606205154,
        0.5915917029954092
      ],
      "R_cam": [
        [
          -0.743709622277848,
          0.6438122684590079,
          -0.18000489080302048
        ],
        [
          0.6127211501391895,
          0.7641565549794854,
          0.20158757812423306
        ],
        [
          0.26733647320081455,
          0.03962981785917365,
          -0.9627879764688584
        ]
      ]
    },
    {
      "timestamp": 2959.5858333333163,
      "local_timestamp": 2959.5858333333163,
      "center_pos_cam": [
        -0.23574201672248357,
        0.03785336345634118,
        0.5086995549524315
      ],
      "imu_pos_cam": [
        -0.23574201672248357,
        0.03785336345634118,
        0.5086995549524315
      ],
      "tip_pos_cam": [
        -0.1319528329677897,
        0.12632294123470458,
        0.5926610350166102
      ],
      "R_cam": [
        [
          -0.7419907298991985,
          0.6444546502759091,
          -0.184737544861381
        ],
        [
          0.6131176329890405,
          0.763770867351005,
          0.20184357880252207
        ],
        [
          0.27117618785868935,
          0.03650021813153312,
          -0.9618374130874613
        ]
      ]
    },
    {
      "timestamp": 2959.619166666642,
      "local_timestamp": 2959.619166666642,
      "center_pos_cam": [
        -0.23585475346332124,
        0.03784519980312515,
        0.5089599978708594
      ],
      "imu_pos_cam": [
        -0.23585475346332124,
        0.03784519980312515,
        0.5089599978708594
      ],
      "tip_pos_cam": [
        -0.13208295828858402,
        0.1263162406927281,
        0.5929414270170557
      ],
      "R_cam": [
        [
          -0.7422651106534779,
          0.6439625928359051,
          -0.1853501673445121
        ],
        [
          0.6124024952295256,
          0.7641715216349034,
          0.20249708481567655
        ],
        [
          0.27203986719455503,
          0.03679761609472548,
          -0.9615821577517514
        ]
      ]
    },
    {
      "timestamp": 2959.6524999999674,
      "local_timestamp": 2959.6524999999674,
      "center_pos_cam": [
        -0.23565300525794342,
        0.03782494546926286,
        0.5085055798986414
      ],
      "imu_pos_cam": [
        -0.23565300525794342,
        0.03782494546926286,
        0.5085055798986414
      ],
      "tip_pos_cam": [
        -0.13196255508987587,
        0.12641012464788914,
        0.5924671637638185
      ],
      "R_cam": [
        [
          -0.7426846408102018,
          0.6435788966403174,
          -0.18500196783778577
        ],
        [
          0.6122544763641936,
          0.7645084990918537,
          0.20167104647997533
        ],
        [
          0.2712268063385857,
          0.03650970577192908,
          -0.9618227804059428
        ]
      ]
    },
    {
      "timestamp": 2959.685833333351,
      "local_timestamp": 2959.685833333351,
      "center_pos_cam": [
        -0.2360159551598095,
        0.03790620532329517,
        0.509361792105261
      ],
      "imu_pos_cam": [
        -0.2360159551598095,
        0.03790620532329517,
        0.509361792105261
      ],
      "tip_pos_cam": [
        -0.13203203756409745,
        0.12626722775980187,
        0.5931965437702973
      ],
      "R_cam": [
        [
          -0.7408978121925867,
          0.6455632192119826,
          -0.1852526973863009
        ],
        [
          0.6142889478398962,
          0.7628759089577328,
          0.20166664596225714
        ],
        [
          0.27151338908052397,
          0.0356156922237198,
          -0.9617754426150802
        ]
      ]
    },
    {
      "timestamp": 2959.7191666666768,
      "local_timestamp": 2959.7191666666768,
      "center_pos_cam": [
        -0.2360624318355631,
        0.037887764759645184,
        0.509460142332635
      ],
      "imu_pos_cam": [
        -0.2360624318355631,
        0.037887764759645184,
        0.509460142332635
      ],
      "tip_pos_cam": [
        -0.13215746898253747,
        0.1261069713508944,
        0.5935417769161565
      ],
      "R_cam": [
        [
          -0.7412959942065745,
          0.6452140932975826,
          -0.1848756954914972
        ],
        [
          0.6133612803785781,
          0.7630746957850184,
          0.20372763284580073
        ],
        [
          0.272521905001484,
          0.03762688484023502,
          -0.961413557649143
        ]
      ]
    },
    {
      "timestamp": 2959.7525000000023,
      "local_timestamp": 2959.7525000000023,
      "center_pos_cam": [
        -0.2362318036928619,
        0.037901064072838754,
        0.5098806622893625
      ],
      "imu_pos_cam": [
        -0.2362318036928619,
        0.037901064072838754,
        0.5098806622893625
      ],
      "tip_pos_cam": [
        -0.13215444245270414,
        0.12604528272873264,
        0.5938276133128668
      ],
      "R_cam": [
        [
          -0.7406145232853222,
          0.6455580708490417,
          -0.1863998526300882
        ],
        [
          0.6135162360661576,
          0.7628199555858844,
          0.2042144545402305
        ],
        [
          0.27402181661697983,
          0.03688485490838672,
          -0.9610158955482045
        ]
      ]
    },
    {
      "timestamp": 2959.785833333328,
      "local_timestamp": 2959.785833333328,
      "center_pos_cam": [
        -0.23688956903300562,
        0.038014710720497516,
        0.5114368910563275
      ],
      "imu_pos_cam": [
        -0.23688956903300562,
        0.038014710720497516,
        0.5114368910563275
      ],
      "tip_pos_cam": [
        -0.13252146650850485,
        0.12601995011921274,
        0.5951684144219339
      ],
      "R_cam": [
        [
          -0.7392285253237608,
          0.6466478799631912,
          -0.18811620527420916
        ],
        [
          0.6145003914402567,
          0.7619597873225991,
          0.20446650440370734
        ],
        [
          0.2755548153588126,
          0.035549990751199606,
          -0.9606277852998842
        ]
      ]
    },
    {
      "timestamp": 2959.8191666666535,
      "local_timestamp": 2959.8191666666535,
      "center_pos_cam": [
        -0.23674710985783648,
        0.037967005632619635,
        0.5110767771919591
      ],
      "imu_pos_cam": [
        -0.23674710985783648,
        0.037967005632619635,
        0.5110767771919591
      ],
      "tip_pos_cam": [
        -0.132590271443775,
        0.12593724723995756,
        0.5951076084055598
      ],
      "R_cam": [
        [
          -0.7401121776257386,
          0.6461320065255964,
          -0.18640653066160007
        ],
        [
          0.6137522975215648,
          0.7622962910096657,
          0.2054567643079866
        ],
        [
          0.2748491983198932,
          0.03765361677334099,
          -0.960749771442491
        ]
      ]
    },
    {
      "timestamp": 2959.852499999979,
      "local_timestamp": 2959.852499999979,
      "center_pos_cam": [
        -0.23676249301341884,
        0.03795051473261357,
        0.5111118260979369
      ],
      "imu_pos_cam": [
        -0.23676249301341884,
        0.03795051473261357,
        0.5111118260979369
      ],
      "tip_pos_cam": [
        -0.13254710480207474,
        0.1258792751960639,
        0.5951134745022093
      ],
      "R_cam": [
        [
          -0.7399332586476911,
          0.6461295150810591,
          -0.18712408313235598
        ],
        [
          0.6135734331855096,
          0.7623015234790612,
          0.20597094307316666
        ],
        [
          0.27572887922007105,
          0.03759038497565591,
          -0.960500155190735
        ]
      ]
    },
    {
      "timestamp": 2959.8858333333046,
      "local_timestamp": 2959.8858333333046,
      "center_pos_cam": [
        -0.23610102611609368,
        0.03784616834883334,
        0.50954151218514
      ],
      "imu_pos_cam": [
        -0.23610102611609368,
        0.03784616834883334,
        0.50954151218514
      ],
      "tip_pos_cam": [
        -0.132262340195281,
        0.12604867530882025,
        0.5937224842841081
      ],
      "R_cam": [
        [
          -0.7414135918833739,
          0.6453973534037607,
          -0.1837611003178185
        ],
        [
          0.6136247385711433,
          0.7628907972677293,
          0.20362296446546568
        ],
        [
          0.2716073746864953,
          0.03820847633221451,
          -0.9616493884739284
        ]
      ]
    },
    {
      "timestamp": 2959.91916666663,
      "local_timestamp": 2959.91916666663,
      "center_pos_cam": [
        -0.23579918618635384,
        0.03775137483612833,
        0.5088084777543028
      ],
      "imu_pos_cam": [
        -0.23579918618635384,
        0.03775137483612833,
        0.5088084777543028
      ],
      "tip_pos_cam": [
        -0.13231101556165864,
        0.12608030417515223,
        0.5932880005624406
      ],
      "R_cam": [
        [
          -0.7430997033327222,
          0.6440059490920721,
          -0.18182180408531734
        ],
        [
          0.6122023186185194,
          0.7639639636098943,
          0.2038808068052726
        ],
        [
          0.2702057586080077,
          0.04019203701580065,
          -0.9619633299536898
        ]
      ]
    },
    {
      "timestamp": 2959.952500000014,
      "local_timestamp": 2959.952500000014,
      "center_pos_cam": [
        -0.2359217564740075,
        0.03775482023611077,
        0.509055847531192
      ],
      "imu_pos_cam": [
        -0.2359217564740075,
        0.03775482023611077,
        0.509055847531192
      ],
      "tip_pos_cam": [
        -0.132499620435022,
        0.12589646154962847,
        0.5938114009481082
      ],
      "R_cam": [
        [
          -0.7433652367569568,
          0.6438549896822902,
          -0.1812701769251961
        ],
        [
          0.6114262153470124,
          0.7639702584814103,
          0.2061732944449306
        ],
        [
          0.27123072828811756,
          0.0424287216053616,
          -0.9615787516450394
        ]
      ]
    },
    {
      "timestamp": 2959.9858333333395,
      "local_timestamp": 2959.9858333333395,
      "center_pos_cam": [
        -0.23617652795538177,
        0.03779461222629533,
        0.509626293448564
      ],
      "imu_pos_cam": [
        -0.23617652795538177,
        0.03779461222629533,
        0.509626293448564
      ],
      "tip_pos_cam": [
        -0.1326761887234637,
        0.12597053455846072,
        0.5942506250031755
      ],
      "R_cam": [
        [
          -0.7427286650540024,
          0.6447363134233035,
          -0.18074627592409176
        ],
        [
          0.6127921034687336,
          0.7632929825639596,
          0.20462077288237443
        ],
        [
          0.2698888067954375,
          0.041217822867579856,
          -0.9620088996701603
        ]
      ]
    },
    {
      "timestamp": 2960.019166666665,
      "local_timestamp": 2960.019166666665,
      "center_pos_cam": [
        -0.23548079008963652,
        0.03766438760171433,
        0.5079888802543238
      ],
      "imu_pos_cam": [
        -0.23548079008963652,
        0.03766438760171433,
        0.5079888802543238
      ],
      "tip_pos_cam": [
        -0.13214374269832557,
        0.12598751588103665,
        0.5926592448378976
      ],
      "R_cam": [
        [
          -0.7432628624582682,
          0.6446224610335806,
          -0.17894747838779837
        ],
        [
          0.6132081776773836,
          0.7633929887623632,
          0.20299476726765414
        ],
        [
          0.2674622368109639,
          0.04114641466126176,
          -0.9626894226283986
        ]
      ]
    },
    {
      "timestamp": 2960.0524999999907,
      "local_timestamp": 2960.0524999999907,
      "center_pos_cam": [
        -0.2353269982330042,
        0.03761049610287533,
        0.507611605159123
      ],
      "imu_pos_cam": [
        -0.2353269982330042,
        0.03761049610287533,
        0.507611605159123
      ],
      "tip_pos_cam": [
        -0.13222813992816826,
        0.12600115434033235,
        0.5925015806798133
      ],
      "R_cam": [
        [
          -0.7443862326680353,
          0.6437012651554834,
          -0.17758890126221236
        ],
        [
          0.6122281181028091,
          0.7640882334186943,
          0.20333691980403318
        ],
        [
          0.266581822370886,
          0.042636284879536815,
          -0.9628687756870551
        ]
      ]
    },
    {
      "timestamp": 2960.0858333333163,
      "local_timestamp": 2960.0858333333163,
      "center_pos_cam": [
        -0.23553404178071877,
        0.037640097981112675,
        0.5080809953763054
      ],
      "imu_pos_cam": [
        -0.23553404178071877,
        0.037640097981112675,
        0.5080809953763054
      ],
      "tip_pos_cam": [
        -0.13242604004457154,
        0.12585975713454806,
        0.5931375807071622
      ],
      "R_cam": [
        [
          -0.7444003699998452,
          0.6436135965248257,
          -0.17784720271196974
        ],
        [
          0.6115528798850036,
          0.7640768231010262,
          0.2054012743490199
        ],
        [
          0.2680879785601212,
          0.04413781562585299,
          -0.9623828183126122
        ]
      ]
    },
    {
      "timestamp": 2960.119166666642,
      "local_timestamp": 2960.119166666642,
      "center_pos_cam": [
        -0.23494085369382742,
        0.037587854703106334,
        0.5066600459131246
      ],
      "imu_pos_cam": [
        -0.23494085369382742,
        0.037587854703106334,
        0.5066600459131246
      ],
      "tip_pos_cam": [
        -0.13211738393857764,
        0.12610199169595304,
        0.5917551257427939
      ],
      "R_cam": [
        [
          -0.7452012115524209,
          0.6436536507806783,
          -0.17431331600743777
        ],
        [
          0.6127492730867949,
          0.7640751539121002,
          0.20181052377367453
        ],
        [
          0.26308455415019805,
          0.043579089147264646,
          -0.9637880370479217
        ]
      ]
    },
    {
      "timestamp": 2960.1524999999674,
      "local_timestamp": 2960.1524999999674,
      "center_pos_cam": [
        -0.23445218836551554,
        0.03746796045342269,
        0.5054489701250716
      ],
      "imu_pos_cam": [
        -0.23445218836551554,
        0.03746796045342269,
        0.5054489701250716
      ],
      "tip_pos_cam": [
        -0.1321434469557537,
        0.12610600246362103,
        0.5910340735664052
      ],
      "R_cam": [
        [
          -0.7473857005744791,
          0.6421034518486823,
          -0.17063930291935192
        ],
        [
          0.6112408183463378,
          0.7651884923984877,
          0.2021663500393398
        ],
        [
          0.2603829421526968,
          0.04679453199826404,
          -0.9643707768337701
        ]
      ]
    },
    {
      "timestamp": 2960.185833333351,
      "local_timestamp": 2960.185833333351,
      "center_pos_cam": [
        -0.23492668188790478,
        0.037546525727405,
        0.5065852461729871
      ],
      "imu_pos_cam": [
        -0.23492668188790478,
        0.037546525727405,
        0.5065852461729871
      ],
      "tip_pos_cam": [
        -0.13239897883642215,
        0.12599616742634828,
        0.5921032090909059
      ],
      "R_cam": [
        [
          -0.7466939101088561,
          0.6422681995534205,
          -0.17303110832666785
        ],
        [
          0.6107304461569514,
          0.7650486517495843,
          0.20422752653125512
        ],
        [
          0.26354606190053115,
          0.0468200843501054,
          -0.9635099132640879
        ]
      ]
    },
    {
      "timestamp": 2960.2191666666768,
      "local_timestamp": 2960.2191666666768,
      "center_pos_cam": [
        -0.23496379260840883,
        0.0375119102014902,
        0.5066330486251064
      ],
      "imu_pos_cam": [
        -0.23496379260840883,
        0.0375119102014902,
        0.5066330486251064
      ],
      "tip_pos_cam": [
        -0.13260656077403854,
        0.12603235061107457,
        0.5922818648003062
      ],
      "R_cam": [
        [
          -0.7476372914742172,
          0.6412860637497475,
          -0.17259972432611664
        ],
        [
          0.60963169830488,
          0.7658129110886346,
          0.20464549257645331
        ],
        [
          0.26341539973776107,
          0.04777833871438196,
          -0.9634986027653022
        ]
      ]
    },
    {
      "timestamp": 2960.2525000000023,
      "local_timestamp": 2960.2525000000023,
      "center_pos_cam": [
        -0.2340625677136712,
        0.03732731723709623,
        0.5044493041948375
      ],
      "imu_pos_cam": [
        -0.2340625677136712,
        0.03732731723709623,
        0.5044493041948375
      ],
      "tip_pos_cam": [
        -0.1322003263572007,
        0.12598401652357863,
        0.5905461360109813
      ],
      "R_cam": [
        [
          -0.7496459631802964,
          0.6399485860478348,
          -0.16880976601743944
        ],
        [
          0.6084859414011282,
          0.7667483569038632,
          0.20455272254949064
        ],
        [
          0.26033783629097884,
          0.050623753323939036,
          -0.9641895283577439
        ]
      ]
    },
    {
      "timestamp": 2960.285833333328,
      "local_timestamp": 2960.285833333328,
      "center_pos_cam": [
        -0.23472040335781588,
        0.03744701075064259,
        0.5061358122298666
      ],
      "imu_pos_cam": [
        -0.23472040335781588,
        0.03744701075064259,
        0.5061358122298666
      ],
      "tip_pos_cam": [
        -0.13222090455600177,
        0.12613838331963978,
        0.591436950373031
      ],
      "R_cam": [
        [
          -0.7478390986753288,
          0.6399835212729055,
          -0.17651565084038473
        ],
        [
          0.6081136724055767,
          0.7670303105809589,
          0.20460269813343368
        ],
        [
          0.26633520969987257,
          0.045668316689040575,
          -0.9627979855218408
        ]
      ]
    },
    {
      "timestamp": 2960.3191666666535,
      "local_timestamp": 2960.3191666666535,
      "center_pos_cam": [
        -0.23374585229887507,
        0.03725177326139114,
        0.5037717864389261
      ],
      "imu_pos_cam": [
        -0.23374585229887507,
        0.03725177326139114,
        0.5037717864389261
      ],
      "tip_pos_cam": [
        -0.13190831292088706,
        0.1261255278352756,
        0.589673837128608
      ],
      "R_cam": [
        [
          -0.7504652033354882,
          0.6383587336563146,
          -0.17117273657721094
        ],
        [
          0.6068135139288702,
          0.7681509669580622,
          0.20425829548562124
        ],
        [
          0.26187656996364067,
          0.04941881348333875,
          -0.9638352779277057
        ]
      ]
    },
    {
      "timestamp": 2960.352499999979,
      "local_timestamp": 2960.352499999979,
      "center_pos_cam": [
        -0.2329493323892309,
        0.03710120936675525,
        0.5018328138593581
      ],
      "imu_pos_cam": [
        -0.2329493323892309,
        0.03710120936675525,
        0.5018328138593581
      ],
      "tip_pos_cam": [
        -0.131554430552983,
        0.12607869130776445,
        0.5881500924330597
      ],
      "R_cam": [
        [
          -0.7520233432711045,
          0.6376295224692297,
          -0.16700144685305138
        ],
        [
          0.6064341376917566,
          0.7685904916523774,
          0.2037309323191062
        ],
        [
          0.2582605812302878,
          0.05193503843474742,
          -0.9646783007642368
        ]
      ]
    },
    {
      "timestamp": 2960.3858333333046,
      "local_timestamp": 2960.3858333333046,
      "center_pos_cam": [
        -0.23345344135906554,
        0.037154379165644,
        0.5030450668857616
      ],
      "imu_pos_cam": [
        -0.23345344135906554,
        0.037154379165644,
        0.5030450668857616
      ],
      "tip_pos_cam": [
        -0.1319010228147212,
        0.12585289120423138,
        0.5894642270370258
      ],
      "R_cam": [
        [
          -0.7517975416383054,
          0.6371982530609616,
          -0.16964328068821238
        ],
        [
          0.6048119940717968,
          0.76884507337926,
          0.2075565102986111
        ],
        [
          0.2626840463627315,
          0.053438183319602164,
          -0.9634009821201157
        ]
      ]
    },
    {
      "timestamp": 2960.41916666663,
      "local_timestamp": 2960.41916666663,
      "center_pos_cam": [
        -0.23269780475080803,
        0.03701124972725669,
        0.5012005385634957
      ],
      "imu_pos_cam": [
        -0.23269780475080803,
        0.03701124972725669,
        0.5012005385634957
      ],
      "tip_pos_cam": [
        -0.1315688713735379,
        0.1258437485131089,
        0.5879779376069805
      ],
      "R_cam": [
        [
          -0.7533275720569134,
          0.6363944143129362,
          -0.16583039109322306
        ],
        [
          0.6044186897483005,
          0.769361099948375,
          0.20678864903368066
        ],
        [
          0.2591825932847038,
          0.055548603200457694,
          -0.9642296075213074
        ]
      ]
    },
    {
      "timestamp": 2960.452500000014,
      "local_timestamp": 2960.452500000014,
      "center_pos_cam": [
        -0.23328548772328012,
        0.03711868192492884,
        0.5026105925285957
      ],
      "imu_pos_cam": [
        -0.23328548772328012,
        0.03711868192492884,
        0.5026105925285957
      ],
      "tip_pos_cam": [
        -0.13187236999453794,
        0.12572072067859114,
        0.5892919011974533
      ],
      "R_cam": [
        [
          -0.7522322290568515,
          0.6370846242876246,
          -0.16813641801958598
        ],
        [
          0.6044806774739288,
          0.7688054386963461,
          0.20866554097785028
        ],
        [
          0.2622018003920277,
          0.05532972914460306,
          -0.9634255741591897
        ]
      ]
    },
    {
      "timestamp": 2960.4858333333395,
      "local_timestamp": 2960.4858333333395,
      "center_pos_cam": [
        -0.2337762937873409,
        0.03718582842036667,
        0.5037865022029518
      ],
      "imu_pos_cam": [
        -0.2337762937873409,
        0.03718582842036667,
        0.5037865022029518
      ],
      "tip_pos_cam": [
        -0.13218750300075288,
        0.1255706323904938,
        0.5904838782012831
      ],
      "R_cam": [
        [
          -0.7517577210271885,
          0.6370694258770117,
          -0.17030230617564385
        ],
        [
          0.6036287304701095,
          0.7687687634458703,
          0.21125090319558737
        ],
        [
          0.2655045849454427,
          0.05601013267831419,
          -0.9624812623684192
        ]
      ]
    },
    {
      "timestamp": 2960.519166666665,
      "local_timestamp": 2960.519166666665,
      "center_pos_cam": [
        -0.23517938162431462,
        0.03742780673790586,
        0.5071646242841973
      ],
      "imu_pos_cam": [
        -0.23517938162431462,
        0.03742780673790586,
        0.5071646242841973
      ],
      "tip_pos_cam": [
        -0.1328063545154638,
        0.125693945749763,
        0.5930566670811002
      ],
      "R_cam": [
        [
          -0.7490561688924103,
          0.6381186861534606,
          -0.17809940546224845
        ],
        [
          0.6041011961791448,
          0.7682423405282465,
          0.2118146618971608
        ],
        [
          0.27198639785686257,
          0.051071015277389664,
          -0.9609449259865964
        ]
      ]
    },
    {
      "timestamp": 2960.5524999999907,
      "local_timestamp": 2960.5524999999907,
      "center_pos_cam": [
        -0.23648841676060112,
        0.0376915540287563,
        0.5103386729101314
      ],
      "imu_pos_cam": [
        -0.23648841676060112,
        0.0376915540287563,
        0.5103386729101314
      ],
      "tip_pos_cam": [
        -0.1333020902370075,
        0.12588918712278496,
        0.5953230863427862
      ],
      "R_cam": [
        [
          -0.7459621182296697,
          0.6396489827844505,
          -0.18544459277401937
        ],
        [
          0.6054902310498247,
          0.767336390175794,
          0.21113134399044442
        ],
        [
          0.27734833381423785,
          0.04521109526210733,
          -0.959705089387186
        ]
      ]
    },
    {
      "timestamp": 2960.5858333333163,
      "local_timestamp": 2960.5858333333163,
      "center_pos_cam": [
        -0.2375053560465362,
        0.03787313254745856,
        0.5127868027209495
      ],
      "imu_pos_cam": [
        -0.2375053560465362,
        0.03787313254745856,
        0.5127868027209495
      ],
      "tip_pos_cam": [
        -0.1337782859632723,
        0.12596456953931964,
        0.5972213019020638
      ],
      "R_cam": [
        [
          -0.7439796628425697,
          0.6403799232240872,
          -0.1908083205946966
        ],
        [
          0.605821325428862,
          0.7669136165238633,
          0.21171685442095958
        ],
        [
          0.28191272218946284,
          0.0419172842846606,
          -0.9585239477164489
        ]
      ]
    },
    {
      "timestamp": 2960.619166666642,
      "local_timestamp": 2960.619166666642,
      "center_pos_cam": [
        -0.2384131084219173,
        0.03805537194004617,
        0.514962142546965
      ],
      "imu_pos_cam": [
        -0.2384131084219173,
        0.03805537194004617,
        0.514962142546965
      ],
      "tip_pos_cam": [
        -0.13408011652529978,
        0.1260115871331342,
        0.5987888805374326
      ],
      "R_cam": [
        [
          -0.7413013518111535,
          0.642154562312219,
          -0.195217376031333
        ],
        [
          0.6076094199547944,
          0.7656346056129195,
          0.21122131395800803
        ],
        [
          0.2851019091222551,
          0.03796272895290419,
          -0.9577451292621089
        ]
      ]
    },
    {
      "timestamp": 2960.6524999999674,
      "local_timestamp": 2960.6524999999674,
      "center_pos_cam": [
        -0.23705436171431726,
        0.037787913633649334,
        0.5117670995073866
      ],
      "imu_pos_cam": [
        -0.23705436171431726,
        0.037787913633649334,
        0.5117670995073866
      ],
      "tip_pos_cam": [
        -0.13342891398933165,
        0.12601427262969075,
        0.5961855048074921
      ],
      "R_cam": [
        [
          -0.7444638382391711,
          0.6399922039012139,
          -0.1902198004937141
        ],
        [
          0.6057626477375765,
          0.7672550344855222,
          0.21064502525001905
        ],
        [
          0.28075827353822025,
          0.041589554004430485,
          -0.9588769998480255
        ]
      ]
    },
    {
      "timestamp": 2960.685833333351,
      "local_timestamp": 2960.685833333351,
      "center_pos_cam": [
        -0.23693866916624529,
        0.03777823738144536,
        0.5114821933789013
      ],
      "imu_pos_cam": [
        -0.23693866916624529,
        0.03777823738144536,
        0.5114821933789013
      ],
      "tip_pos_cam": [
        -0.13334821863203689,
        0.12600588879133795,
        0.595942190277606
      ],
      "R_cam": [
        [
          -0.7445147930866505,
          0.6401259136384682,
          -0.18956934763737224
        ],
